1 1 1
2 1 1
3 1 1
4 1 1
5 1 1
6 1 1
7 1 1
8 1 1
9 1 1
10 1 1
11 1 1
12 1 1
13 1 1
14 1 1
15 1 1
16 1 1
17 1 1
18 1 1
19 1 1
20 1 1
21 1 1
22 1 1
23 1 1
24 1 1
25 1 1
26 1 1
27 1 1
28 1 1
29 1 1
30 1 1
31 1 1
32 1 1
33 1 1
34 1 1
35 1 1
36 1 1
37 1 1
38 1 1
39 1 1
40 1 1
41 1 1
42 1 1
43 1 1
44 1 1
45 1 1
46 1 1
47 1 1
48 1 1
49 1 1
50 1 1
51 1 1
52 1 1
53 1 1
54 1 1
55 1 1
56 1 1
57 1 1
58 1 1
59 1 1
60 1 1
61 1 1
62 1 1
63 1 1
64 1 1
65 1 1
66 1 1
67 1 1
68 1 1
69 1 1
70 1 1
71 1 1
72 1 1
73 1 1
74 1 1
75 1 1
76 1 1
77 1 1
78 1 1
79 1 1
80 1 1
81 1 1
82 1 1
83 1 1
84 1 1
85 1 1
86 1 1
87 1 1
88 1 1
89 1 1
90 1 1
91 1 1
92 1 1
93 1 1
94 1 1
95 1 1
96 1 1
97 1 1
98 1 1
99 1 1
100 1 1
101 1 1
102 1 1
103 1 1
104 1 1
105 1 1
106 1 1
107 1 1
108 1 1
109 1 1
110 1 1
111 1 1
112 1 1
113 1 1
114 1 1
115 1 1
116 1 1
117 1 1
118 1 1
119 1 1
120 1 1
121 1 1
122 1 1
123 1 1
124 1 1
125 1 1
126 1 1
127 1 1
128 1 1
129 1 1
130 1 1
131 1 1
132 1 1
133 1 1
134 1 1
135 1 1
136 1 1
137 1 1
138 1 1
139 1 1
140 1 1
141 1 1
142 1 1
143 1 1
144 1 1
145 1 1
146 1 1
147 1 1
148 1 1
149 1 1
150 1 1
151 1 1
152 1 1
153 1 1
154 1 1
155 1 1
156 1 1
157 1 1
158 1 1
159 1 1
160 1 1
161 1 1
162 1 1
163 1 1
164 1 1
165 1 1
166 1 1
167 1 1
168 1 1
169 1 1
170 1 1
171 1 1
172 1 1
173 1 1
174 1 1
175 1 1
176 1 1
177 1 1
178 1 1
239 0 1
240 0 1
241 0 1
242 0 1
243 0 1
244 0 1
245 0 1
246 0 1
247 0 1
248 0 1
249 0 1
250 0 1
251 0 1
252 0 1
253 0 1
254 0 1
255 0 1
256 0 1
257 0 1
258 0 1
259 0 1
260 0 1
261 0 1
262 0 1
263 0 1
264 0 1
265 0 1
266 0 1
267 0 1
268 0 1
269 0 1
270 0 1
271 0 1
272 0 1
273 0 1
274 0 1
275 0 1
276 0 1
277 0 1
278 0 1
279 0 1
280 0 1
281 0 1
282 0 1
283 0 1
284 0 1
285 0 1
286 0 1
287 0 1
288 0 1
289 0 1
290 0 1
291 0 1
292 0 1
293 0 1
294 0 1
295 0 1
296 0 1
297 0 1
298 0 1
299 0 1
300 0 1
301 0 1
302 0 1
303 0 1
304 0 1
305 0 1
306 0 1
307 0 1
308 0 1
309 0 1
310 0 1
311 0 1
312 0 1
313 0 1
314 0 1
315 0 1
316 0 1
317 0 1
318 0 1
319 0 1
320 0 1
321 0 1
322 0 1
323 0 1
324 0 1
325 0 1
326 0 1
327 0 1
328 0 1
329 0 1
330 0 1
331 0 1
332 0 1
333 0 1
334 0 1
335 0 1
336 0 1
337 0 1
338 0 1
339 0 1
340 0 1
341 0 1
342 0 1
343 0 1
344 0 1
345 0 1
346 0 1
347 0 1
348 0 1
349 0 1
350 0 1
351 0 1
352 0 1
353 0 1
354 0 1
355 0 1
356 0 1
357 0 1
358 0 1
359 0 1
360 0 1
361 0 1
362 0 1
363 0 1
364 0 1
365 0 1
366 0 1
367 0 1
368 0 1
369 0 1
370 0 1
371 0 1
372 0 1
373 0 1
374 0 1
375 0 1
376 0 1
377 0 1
378 0 1
379 0 1
380 0 1
381 0 1
382 0 1
383 0 1
384 0 1
385 0 1
386 0 1
387 0 1
388 0 1
389 0 1
390 0 1
391 0 1
392 0 1
393 0 1
394 0 1
395 0 1
396 0 1
397 0 1
398 0 1
399 0 1
400 0 1
401 0 1
402 0 1
403 0 1
404 0 1
405 0 1
406 0 1
407 0 1
408 0 1
409 0 1
410 0 1
411 0 1
412 0 1
413 0 1
414 0 1
415 0 1
416 0 1
417 0 1
418 0 1
419 0 1
420 0 1
421 0 1
422 0 1
423 0 1
424 0 1
425 0 1
426 0 1
427 0 1
428 0 1
429 0 1
430 0 1
431 0 1
432 0 1
433 0 1
434 0 1
435 0 1
436 0 1
437 0 1
438 0 1
439 0 1
440 0 1
441 0 1
442 0 1
443 0 1
444 0 1
445 0 1
446 0 1
447 0 1
448 0 1
449 0 1
450 0 1
451 0 1
452 0 1
453 0 1
454 0 1
455 0 1
456 0 1
457 0 1
458 0 1
459 0 1
460 0 1
461 0 1
462 0 1
463 0 1
464 0 1
465 0 1
466 0 1
467 0 1
468 0 1
469 0 1
470 0 1
471 0 1
472 0 1
473 0 1
474 0 1
475 0 1
476 0 1
477 0 1
478 0 1
479 0 1
480 0 1
481 0 1
482 0 1
483 0 1
484 1 1
485 1 1
486 1 1
487 1 1
488 1 1
489 1 1
490 1 1
491 1 1
492 1 1
493 1 1
494 1 1
495 1 1
496 1 1
497 1 1
498 1 1
499 1 1
500 1 1
501 1 1
502 1 1
503 1 1
504 1 1
505 1 1
506 1 1
507 1 1
508 1 1
509 1 1
510 1 1
511 1 1
512 1 1
513 1 1
514 1 1
515 1 1
516 1 1
517 1 1
518 1 1
519 1 1
520 1 1
521 1 1
522 1 1
523 1 1
524 1 1
525 1 1
526 1 1
527 1 1
528 1 1
529 1 1
530 1 1
531 1 1
532 1 1
533 1 1
534 1 1
535 1 1
536 1 1
537 1 1
538 1 1
539 1 1
540 1 1
541 1 1
542 1 1
543 1 1
544 1 1
545 1 1
546 1 1
547 1 1
548 1 1
549 1 1
550 1 1
551 1 1
552 1 1
553 1 1
554 1 1
555 1 1
556 1 1
557 1 1
558 1 1
559 1 1
560 1 1
561 1 1
562 1 1
563 1 1
564 1 1
565 1 1
566 1 1
567 1 1
568 1 1
569 1 1
570 1 1
571 1 1
572 1 1
573 1 1
574 1 1
575 1 1
576 1 1
577 1 1
578 1 1
579 1 1
580 1 1
581 1 1
582 1 1
583 1 1
584 1 1
585 1 1
586 1 1
587 1 1
588 1 1
589 1 1
590 1 1
591 1 1
592 1 1
593 1 1
594 1 1
595 1 1
596 1 1
597 1 1
598 1 1
599 1 1
600 1 1
601 1 1
602 1 1
603 1 1
660 0 1
661 0 1
662 0 1
663 0 1
664 0 1
665 0 1
666 0 1
667 0 1
668 0 1
669 0 1
670 0 1
671 0 1
672 0 1
673 0 1
674 0 1
675 0 1
676 0 1
677 0 1
678 0 1
679 0 1
680 0 1
681 0 1
682 0 1
683 0 1
684 0 1
685 0 1
686 0 1
687 0 1
688 0 1
689 0 1
690 0 1
691 0 1
692 0 1
693 0 1
694 0 1
695 0 1
696 0 1
697 0 1
698 0 1
699 0 1
700 0 1
701 0 1
702 0 1
703 0 1
704 0 1
705 0 1
706 0 1
707 0 1
708 0 1
709 0 1
710 0 1
711 0 1
712 0 1
713 0 1
714 0 1
715 0 1
716 0 1
717 0 1
718 0 1
719 0 1
720 1 1
721 1 1
722 1 1
723 1 1
724 1 1
725 1 1
726 1 1
727 1 1
728 1 1
729 1 1
730 1 1
731 1 1
732 1 1
733 1 1
734 1 1
735 1 1
736 1 1
737 1 1
738 1 1
739 1 1
740 1 1
741 1 1
742 1 1
743 1 1
744 1 1
745 1 1
746 1 1
747 1 1
748 1 1
749 1 1
750 1 1
751 1 1
752 1 1
753 1 1
754 1 1
755 1 1
756 1 1
757 1 1
758 1 1
759 1 1
760 1 1
761 1 1
762 1 1
763 1 1
764 1 1
765 1 1
766 1 1
767 1 1
768 1 1
769 1 1
770 1 1
771 1 1
772 1 1
773 1 1
774 1 1
775 1 1
776 1 1
777 1 1
778 1 1
779 1 1
780 0 1
781 0 1
782 0 1
783 0 1
784 0 1
785 0 1
786 0 1
787 0 1
788 0 1
789 0 1
790 0 1
791 0 1
792 0 1
793 0 1
794 0 1
795 0 1
796 0 1
797 0 1
798 0 1
799 0 1
800 0 1
801 0 1
802 0 1
803 0 1
804 0 1
805 0 1
806 0 1
807 0 1
808 0 1
809 0 1
810 0 1
811 0 1
812 0 1
813 0 1
814 0 1
815 0 1
816 0 1
817 0 1
818 0 1
819 0 1
820 0 1
821 0 1
822 0 1
823 0 1
824 0 1
825 0 1
826 0 1
827 0 1
828 0 1
829 0 1
830 0 1
831 0 1
832 0 1
833 0 1
834 0 1
835 0 1
836 0 1
837 0 1
838 1 1
839 1 1
840 1 1
841 1 1
842 1 1
843 1 1
844 1 1
845 1 1
846 1 1
847 1 1
848 1 1
849 1 1
850 1 1
851 1 1
852 1 1
853 1 1
854 1 1
855 1 1
856 1 1
857 1 1
858 1 1
859 1 1
860 1 1
861 1 1
862 1 1
863 1 1
864 1 1
865 1 1
866 1 1
867 1 1
868 1 1
869 1 1
870 1 1
871 1 1
872 1 1
873 1 1
874 1 1
875 1 1
876 1 1
877 1 1
878 1 1
879 1 1
880 1 1
881 1 1
882 1 1
883 1 1
884 1 1
885 1 1
886 1 1
887 1 1
888 1 1
889 1 1
890 1 1
891 1 1
892 1 1
893 1 1
894 1 1
895 1 1
896 1 1
897 1 1
898 1 1
899 1 1
900 1 1
901 1 1
902 1 1
903 1 1
904 1 1
905 1 1
906 1 1
907 1 1
908 1 1
909 1 1
910 1 1
911 1 1
912 1 1
913 1 1
914 1 1
915 1 1
916 1 1
917 1 1
918 1 1
919 1 1
920 1 1
921 1 1
922 1 1
923 1 1
924 1 1
925 1 1
926 1 1
927 1 1
928 1 1
929 1 1
930 1 1
931 1 1
932 1 1
933 1 1
934 1 1
935 1 1
936 1 1
937 1 1
938 1 1
939 1 1
940 1 1
941 1 1
942 1 1
943 1 1
944 1 1
945 1 1
946 1 1
947 1 1
948 1 1
949 1 1
950 1 1
951 1 1
952 1 1
953 0 1
954 0 1
955 0 1
956 0 1
957 0 1
958 0 1
959 0 1
960 0 1
961 0 1
962 0 1
963 0 1
964 0 1
965 0 1
966 0 1
967 0 1
968 0 1
969 0 1
970 0 1
971 0 1
972 0 1
973 0 1
974 0 1
975 0 1
976 0 1
977 0 1
978 0 1
979 0 1
980 0 1
981 0 1
982 0 1
983 0 1
984 0 1
985 0 1
986 0 1
987 0 1
988 0 1
989 0 1
990 0 1
991 0 1
992 0 1
993 0 1
994 0 1
995 0 1
996 0 1
997 0 1
998 1 1
999 1 1
1000 1 1
1001 1 1
1002 1 1
1003 1 1
1004 1 1
1005 1 1
1006 1 1
1007 1 1
1008 1 1
1009 1 1
1010 1 1
1011 1 1
1012 1 1
1013 1 1
1014 1 1
1015 1 1
1016 1 1
1017 1 1
1018 1 1
1019 1 1
1020 1 1
1021 1 1
1022 1 1
1023 1 1
1024 1 1
1025 1 1
1026 1 1
1027 1 1
1028 1 1
1029 1 1
1030 1 1
1031 1 1
1032 1 1
1033 1 1
1034 1 1
1035 1 1
1036 1 1
1037 1 1
1038 1 1
1039 1 1
1040 1 1
1041 1 1
1042 1 1
1043 1 1
1044 1 1
1045 1 1
1046 1 1
1047 1 1
1048 1 1
1049 1 1
1050 1 1
1051 1 1
1052 1 1
1053 1 1
1054 1 1
1055 1 1
1056 1 1
1057 0 1
1058 0 1
1059 0 1
1060 0 1
1061 0 1
1062 0 1
1063 0 1
1064 0 1
1065 0 1
1066 0 1
1067 0 1
1068 0 1
1069 0 1
1070 0 1
1071 0 1
1072 0 1
1073 0 1
1074 0 1
1075 0 1
1076 0 1
1077 0 1
1078 0 1
1079 0 1
1080 0 1
1081 0 1
1082 0 1
1083 0 1
1084 0 1
1085 0 1
1086 0 1
1087 0 1
1088 0 1
1089 0 1
1090 0 1
1091 0 1
1092 0 1
1093 0 1
1094 0 1
1095 0 1
1096 0 1
1097 0 1
1098 0 1
1099 0 1
1100 0 1
1101 0 1
1102 0 1
1103 0 1
1104 0 1
1105 0 1
1106 0 1
1107 0 1
1108 0 1
1109 0 1
1110 0 1
1111 0 1
1112 0 1
1113 0 1
1114 0 1
1115 0 1
1116 1 1
1117 1 1
1118 1 1
1119 1 1
1120 1 1
1121 1 1
1122 1 1
1123 1 1
1124 1 1
1125 1 1
1126 1 1
1127 1 1
1128 1 1
1129 1 1
1130 1 1
1131 1 1
1132 1 1
1133 1 1
1134 1 1
1135 1 1
1136 1 1
1137 1 1
1138 1 1
1139 1 1
1140 1 1
1141 1 1
1142 1 1
1143 1 1
1144 1 1
1145 1 1
1146 1 1
1147 1 1
1148 1 1
1149 1 1
1150 1 1
1151 1 1
1152 1 1
1153 1 1
1154 1 1
1155 1 1
1156 1 1
1157 1 1
1158 1 1
1159 1 1
1160 1 1
1161 1 1
1162 1 1
1163 1 1
1164 1 1
1165 1 1
1166 1 1
1167 1 1
1168 1 1
1169 1 1
1170 1 1
1171 1 1
1172 1 1
1173 1 1
1174 1 1
1175 1 1
1176 1 1
1177 1 1
1178 1 1
1179 1 1
1180 1 1
1181 1 1
1182 1 1
1183 1 1
1184 1 1
1185 1 1
1186 1 1
1187 1 1
1188 1 1
1189 1 1
1190 1 1
1191 1 1
1192 1 1
1193 1 1
1194 1 1
1195 1 1
1196 1 1
1197 1 1
1198 1 1
1199 1 1
1200 1 1
1201 1 1
1202 1 1
1203 1 1
1204 1 1
1205 1 1
1206 1 1
1207 1 1
1208 1 1
1209 1 1
1210 1 1
1211 1 1
1212 1 1
1213 1 1
1214 1 1
1215 1 1
1216 1 1
1217 1 1
1218 1 1
1219 1 1
1220 1 1
1221 1 1
1222 1 1
1223 1 1
1224 1 1
1225 1 1
1226 1 1
1227 1 1
1228 1 1
1229 1 1
1230 1 1
1231 1 1
1291 1 1
1292 1 1
1293 1 1
1294 1 1
1295 1 1
1296 1 1
1297 1 1
1298 1 1
1299 1 1
1300 1 1
1301 1 1
1302 1 1
1303 1 1
1304 1 1
1305 1 1
1306 1 1
1307 1 1
1308 1 1
1309 1 1
1310 1 1
1311 1 1
1312 1 1
1313 1 1
1314 1 1
1315 1 1
1316 1 1
1317 1 1
1318 1 1
1319 1 1
1320 1 1
1321 1 1
1322 1 1
1323 1 1
1324 1 1
1325 1 1
1326 1 1
1327 1 1
1328 1 1
1329 1 1
1330 1 1
1331 1 1
1332 1 1
1333 1 1
1334 1 1
1335 1 1
1336 1 1
1337 1 1
1338 1 1
1339 1 1
1340 1 1
1341 1 1
1342 1 1
1343 1 1
1344 1 1
1345 1 1
1346 1 1
1347 1 1
1348 1 1
1349 1 1
1350 1 1
1351 1 1
1352 1 1
1353 1 1
1354 1 1
1355 1 1
1356 1 1
1357 1 1
1358 1 1
1359 1 1
1360 1 1
1361 1 1
1362 1 1
1363 1 1
1364 1 1
1365 1 1
1366 1 1
1367 1 1
1368 1 1
1369 1 1
1370 1 1
1371 1 1
1372 1 1
1373 1 1
1374 1 1
1375 1 1
1376 1 1
1377 1 1
1378 1 1
1379 1 1
1380 1 1
1381 1 1
1382 1 1
1383 1 1
1384 1 1
1385 1 1
1386 1 1
1387 1 1
1388 1 1
1389 1 1
1390 1 1
1391 1 1
1392 1 1
1393 1 1
1394 1 1
1395 1 1
1396 1 1
1397 1 1
1398 1 1
1399 1 1
1400 1 1
1401 1 1
1402 1 1
1463 1 1
1464 1 1
1465 1 1
1466 1 1
1467 1 1
1468 1 1
1469 1 1
1470 1 1
1471 1 1
1472 1 1
1473 1 1
1474 1 1
1475 1 1
1476 1 1
1477 1 1
1478 1 1
1479 1 1
1480 1 1
1481 1 1
1482 1 1
1483 1 1
1484 1 1
1485 1 1
1486 1 1
1487 1 1
1488 1 1
1489 1 1
1490 1 1
1491 1 1
1492 1 1
1493 1 1
1494 1 1
1495 1 1
1496 1 1
1497 1 1
1498 1 1
1499 1 1
1500 1 1
1501 1 1
1502 1 1
1503 1 1
1504 1 1
1505 1 1
1506 1 1
1507 1 1
1508 1 1
1509 1 1
1510 1 1
1511 1 1
1512 1 1
1513 1 1
1514 1 1
1515 1 1
1516 1 1
1517 1 1
1518 1 1
1519 1 1
1520 1 1
1521 1 1
1522 1 1
1582 1 1
1583 1 1
1584 1 1
1585 1 1
1586 1 1
1587 1 1
1588 1 1
1589 1 1
1590 1 1
1591 1 1
1592 1 1
1593 1 1
1594 1 1
1595 1 1
1596 1 1
1597 1 1
1598 1 1
1599 1 1
1600 1 1
1601 1 1
1602 1 1
1603 1 1
1604 1 1
1605 1 1
1606 1 1
1607 1 1
1608 1 1
1609 1 1
1610 1 1
1611 1 1
1612 1 1
1613 1 1
1614 1 1
1615 1 1
1616 1 1
1617 1 1
1618 1 1
1619 1 1
1620 1 1
1621 1 1
1622 1 1
1623 1 1
1624 1 1
1625 1 1
1626 1 1
1627 1 1
1628 1 1
1629 1 1
1630 1 1
1631 1 1
1632 1 1
1633 1 1
1634 1 1
1635 1 1
1636 1 1
1637 1 1
1638 1 1
1639 1 1
1640 1 1
1641 1 1
1642 0 1
1643 0 1
1644 0 1
1645 0 1
1646 0 1
1647 0 1
1648 0 1
1649 0 1
1650 0 1
1651 0 1
1652 0 1
1653 0 1
1654 0 1
1655 0 1
1656 0 1
1657 0 1
1658 0 1
1659 0 1
1660 0 1
1661 0 1
1662 0 1
1663 0 1
1664 0 1
1665 0 1
1666 0 1
1667 0 1
1668 0 1
1669 0 1
1670 0 1
1671 0 1
1672 0 1
1673 0 1
1674 0 1
1675 0 1
1676 0 1
1677 0 1
1678 0 1
1679 0 1
1680 0 1
1681 0 1
1682 0 1
1683 0 1
1684 0 1
1685 0 1
1686 0 1
1687 0 1
1688 0 1
1689 0 1
1690 0 1
1691 0 1
1692 0 1
1693 0 1
1694 0 1
1695 0 1
1696 0 1
1697 0 1
1698 0 1
1699 0 1
1700 0 1
1701 0 1
1762 0 1
1763 0 1
1764 0 1
1765 0 1
1766 0 1
1767 0 1
1768 0 1
1769 0 1
1770 0 1
1771 0 1
1772 0 1
1773 0 1
1774 0 1
1775 0 1
1776 0 1
1777 0 1
1778 0 1
1779 0 1
1780 0 1
1781 0 1
1782 0 1
1783 0 1
1784 0 1
1785 0 1
1786 0 1
1787 0 1
1788 0 1
1789 0 1
1790 0 1
1791 0 1
1792 0 1
1793 0 1
1794 0 1
1795 0 1
1796 0 1
1797 0 1
1798 0 1
1799 0 1
1800 0 1
1801 0 1
1802 0 1
1803 0 1
1804 0 1
1805 0 1
1806 0 1
1807 0 1
1808 0 1
1809 0 1
1810 0 1
1811 0 1
1812 0 1
1813 0 1
1814 0 1
1874 1 1
1875 1 1
1876 1 1
1877 1 1
1878 1 1
1879 1 1
1880 1 1
1881 1 1
1882 1 1
1883 1 1
1884 1 1
1885 1 1
1886 1 1
1887 1 1
1888 1 1
1889 1 1
1890 1 1
1891 1 1
1892 1 1
1893 1 1
1894 1 1
1895 1 1
1896 1 1
1897 1 1
1898 1 1
1899 1 1
1900 1 1
1901 1 1
1902 1 1
1903 1 1
1904 1 1
1905 1 1
1906 1 1
1907 1 1
1908 1 1
1909 1 1
1910 1 1
1911 1 1
1912 1 1
1913 1 1
1914 1 1
1915 1 1
1916 1 1
1917 1 1
1918 1 1
1919 1 1
1920 1 1
1921 1 1
1922 1 1
1923 1 1
1924 1 1
1925 1 1
1926 1 1
1927 1 1
1928 1 1
1929 1 1
1930 1 1
1931 1 1
1932 1 1
1933 1 1
1934 1 1
1935 1 1
1936 1 1
1937 1 1
1938 1 1
1939 1 1
1940 1 1
1941 1 1
1942 1 1
1943 1 1
1944 1 1
1945 1 1
1946 1 1
1947 1 1
1948 1 1
1949 1 1
1950 1 1
1951 1 1
1952 1 1
1953 1 1
1954 1 1
1955 1 1
1956 1 1
1957 1 1
1958 1 1
1959 1 1
1960 1 1
1961 1 1
1962 1 1
1963 1 1
1964 1 1
1965 1 1
1966 1 1
1967 1 1
1968 1 1
1969 1 1
1970 1 1
1971 1 1
1972 1 1
1973 1 1
1974 1 1
1975 1 1
1976 1 1
1977 1 1
1978 1 1
1979 1 1
1980 1 1
1981 1 1
1982 1 1
1983 1 1
1984 1 1
1985 1 1
1986 1 1
1987 1 1
1988 1 1
1989 1 1
1990 1 1
1991 1 1
1992 1 1
1993 1 1
1994 1 1
1995 1 1
1996 1 1
1997 1 1
1998 1 1
1999 1 1
2000 1 1
2001 1 1
2002 1 1
2003 1 1
2004 1 1
2005 1 1
2006 1 1
2007 1 1
2008 1 1
2009 1 1
2010 1 1
2011 1 1
2012 1 1
2013 1 1
2014 1 1
2015 1 1
2016 1 1
2017 1 1
2018 1 1
2019 1 1
2020 1 1
2021 1 1
2022 1 1
2023 1 1
2024 1 1
2025 1 1
2026 1 1
2027 1 1
2028 1 1
2029 1 1
2030 1 1
2031 1 1
2032 1 1
2033 1 1
2034 1 1
2035 1 1
2036 1 1
2037 1 1
2038 1 1
2039 1 1
2040 1 1
2041 1 1
2042 1 1
2043 1 1
2044 1 1
2045 1 1
2046 1 1
2047 1 1
2048 1 1
2049 1 1
2050 1 1
2051 1 1
2052 1 1
2053 0 1
2054 0 1
2055 0 1
2056 0 1
2057 0 1
2058 0 1
2059 0 1
2060 0 1
2061 0 1
2062 0 1
2063 0 1
2064 0 1
2065 0 1
2066 0 1
2067 0 1
2068 0 1
2069 0 1
2070 0 1
2071 0 1
2072 0 1
2073 0 1
2074 0 1
2075 0 1
2076 0 1
2077 0 1
2078 0 1
2079 0 1
2080 0 1
2081 0 1
2082 0 1
2083 0 1
2084 0 1
2085 0 1
2086 0 1
2087 0 1
2088 0 1
2089 0 1
2090 0 1
2091 0 1
2092 0 1
2093 0 1
2094 0 1
2095 0 1
2096 0 1
2097 0 1
2098 0 1
2099 0 1
2100 0 1
2101 0 1
2102 0 1
2103 0 1
2104 0 1
2105 0 1
2106 0 1
2107 0 1
2108 0 1
2109 0 1
2110 0 1
2111 0 1
2112 0 1
2113 0 1
2114 0 1
2115 0 1
2116 0 1
2117 0 1
2118 0 1
2119 0 1
2120 0 1
2121 0 1
2122 0 1
2123 0 1
2124 0 1
2125 0 1
2126 0 1
2127 0 1
2128 0 1
2129 0 1
2130 0 1
2131 0 1
2132 0 1
2133 0 1
2134 0 1
2135 0 1
2136 0 1
2137 0 1
2138 0 1
2139 0 1
2140 0 1
2141 0 1
2142 0 1
2143 0 1
2144 0 1
2145 0 1
2146 0 1
2147 0 1
2148 0 1
2149 0 1
2150 0 1
2151 0 1
2152 0 1
2153 0 1
2154 0 1
2155 0 1
2156 0 1
2157 0 1
2158 0 1
2159 0 1
2160 0 1
2161 0 1
2162 0 1
2163 0 1
2164 0 1
2165 0 1
2166 0 1
2167 0 1
2168 0 1
2169 0 1
2170 0 1
2171 0 1
2172 0 1
2173 0 1
2174 0 1
2175 0 1
2176 0 1
2177 0 1
2178 0 1
2179 0 1
2180 0 1
2181 0 1
2182 0 1
2183 0 1
2184 0 1
2185 0 1
2186 0 1
2187 0 1
2188 0 1
2189 0 1
2190 0 1
2191 0 1
2192 0 1
2193 0 1
2194 0 1
2195 0 1
2196 0 1
2197 0 1
2198 0 1
2199 0 1
2200 0 1
2201 0 1
2202 0 1
2203 0 1
2204 0 1
2205 0 1
2206 0 1
2207 0 1
2208 0 1
2209 0 1
2210 0 1
2211 0 1
2212 0 1
2213 0 1
2214 0 1
2215 0 1
2216 0 1
2217 0 1
2218 0 1
2219 0 1
2220 0 1
2221 0 1
2222 0 1
2223 0 1
2224 0 1
2225 0 1
2226 0 1
2227 0 1
2228 0 1
2229 0 1
2230 0 1
2231 1 1
2232 1 1
2233 1 1
2234 1 1
2235 1 1
2236 1 1
2237 1 1
2238 1 1
2239 1 1
2240 1 1
2241 1 1
2242 1 1
2243 1 1
2244 1 1
2245 1 1
2246 1 1
2247 1 1
2248 1 1
2249 1 1
2250 1 1
2251 1 1
2252 1 1
2253 1 1
2254 1 1
2255 1 1
2256 1 1
2257 1 1
2258 1 1
2259 1 1
2260 1 1
2261 1 1
2262 1 1
2263 1 1
2264 1 1
2265 1 1
2266 1 1
2267 1 1
2268 1 1
2269 1 1
2270 1 1
2271 1 1
2272 1 1
2273 1 1
2274 1 1
2275 1 1
2276 1 1
2277 1 1
2278 1 1
2279 1 1
2280 1 1
2281 1 1
2282 1 1
2283 1 1
2284 1 1
2285 1 1
2286 1 1
2287 1 1
2288 1 1
2289 1 1
2290 1 1
2291 0 1
2292 0 1
2293 0 1
2294 0 1
2295 0 1
2296 0 1
2297 0 1
2298 0 1
2299 0 1
2300 0 1
2301 0 1
2302 0 1
2303 0 1
2304 0 1
2305 0 1
2306 0 1
2307 0 1
2308 0 1
2309 0 1
2310 0 1
2311 0 1
2312 0 1
2313 0 1
2314 0 1
2315 0 1
2316 0 1
2317 0 1
2318 0 1
2319 0 1
2320 0 1
2321 0 1
2322 0 1
2323 0 1
2324 0 1
2325 0 1
2326 0 1
2327 0 1
2328 0 1
2329 0 1
2330 0 1
2331 0 1
2332 0 1
2333 0 1
2334 0 1
2335 0 1
2336 0 1
2337 0 1
2338 0 1
2339 0 1
2340 0 1
2341 0 1
2342 0 1
2343 0 1
2344 0 1
2345 0 1
2346 0 1
2347 0 1
2348 0 1
2349 0 1
2350 0 1
2351 1 1
2352 1 1
2353 1 1
2354 1 1
2355 1 1
2356 1 1
2357 1 1
2358 1 1
2359 1 1
2360 1 1
2361 1 1
2362 1 1
2363 1 1
2364 1 1
2365 1 1
2366 1 1
2367 1 1
2368 1 1
2369 1 1
2370 1 1
2371 1 1
2372 1 1
2373 1 1
2374 1 1
2375 1 1
2376 1 1
2377 1 1
2378 1 1
2379 1 1
2380 1 1
2381 1 1
2382 1 1
2383 1 1
2384 1 1
2385 1 1
2386 1 1
2387 1 1
2388 1 1
2389 1 1
2390 1 1
2391 1 1
2392 1 1
2393 1 1
2394 1 1
2395 1 1
2396 1 1
2397 1 1
2398 1 1
2399 1 1
2400 1 1
2401 1 1
2402 1 1
2403 1 1
2404 1 1
2405 1 1
2406 1 1
2407 1 1
2408 1 1
2409 1 1
2410 1 1
2470 1 1
2471 1 1
2472 1 1
2473 1 1
2474 1 1
2475 1 1
2476 1 1
2477 1 1
2478 1 1
2479 1 1
2480 1 1
2481 1 1
2482 1 1
2483 1 1
2484 1 1
2485 1 1
2486 1 1
2487 1 1
2488 1 1
2489 1 1
2490 1 1
2491 1 1
2492 1 1
2493 1 1
2494 1 1
2495 1 1
2496 1 1
2497 1 1
2498 1 1
2499 1 1
2500 1 1
2501 1 1
2502 1 1
2503 1 1
2504 1 1
2505 1 1
2506 1 1
2507 1 1
2508 1 1
2509 1 1
2510 1 1
2511 1 1
2512 1 1
2513 1 1
2514 1 1
2515 1 1
2516 1 1
2517 1 1
2518 1 1
2519 1 1
2520 1 1
2521 1 1
2522 1 1
2523 1 1
2524 1 1
2525 1 1
2526 1 1
2527 1 1
2528 1 1
2529 1 1
2590 1 1
2591 1 1
2592 1 1
2593 1 1
2594 1 1
2595 1 1
2596 1 1
2597 1 1
2598 1 1
2599 1 1
2600 1 1
2601 1 1
2602 1 1
2603 1 1
2604 1 1
2605 1 1
2606 1 1
2607 1 1
2608 1 1
2609 1 1
2610 1 1
2611 1 1
2612 1 1
2613 1 1
2614 1 1
2615 1 1
2616 1 1
2617 1 1
2618 1 1
2619 1 1
2620 1 1
2621 1 1
2622 1 1
2623 1 1
2624 1 1
2625 1 1
2626 1 1
2627 1 1
2628 1 1
2629 1 1
2630 1 1
2631 1 1
2632 1 1
2633 1 1
2634 1 1
2635 1 1
2636 1 1
2637 1 1
2638 1 1
2639 1 1
2640 1 1
2641 1 1
2642 1 1
2643 1 1
2644 1 1
2645 1 1
2646 1 1
2647 1 1
2648 1 1
2649 1 1
2650 1 1
2651 1 1
2652 1 1
2653 1 1
2654 1 1
2655 1 1
2656 1 1
2657 1 1
2658 1 1
2659 1 1
2660 1 1
2661 1 1
2662 1 1
2663 1 1
2664 1 1
2665 1 1
2666 1 1
2667 1 1
2668 1 1
2669 1 1
2670 1 1
2671 1 1
2672 1 1
2673 1 1
2674 1 1
2675 1 1
2676 1 1
2677 1 1
2678 1 1
2679 1 1
2680 1 1
2681 1 1
2682 1 1
2683 1 1
2684 1 1
2685 1 1
2686 1 1
2687 1 1
2688 1 1
2689 1 1
2690 1 1
2691 1 1
2692 1 1
2693 1 1
2694 1 1
2695 1 1
2696 1 1
2697 1 1
2698 1 1
2699 1 1
2700 1 1
2701 1 1
2702 1 1
2703 1 1
2704 1 1
2705 1 1
2706 1 1
2707 1 1
2708 1 1
2709 1 1
2710 1 1
2711 1 1
2712 1 1
2713 1 1
2714 1 1
2715 1 1
2716 1 1
2717 1 1
2718 1 1
2719 1 1
2720 1 1
2721 1 1
2722 1 1
2723 1 1
2724 1 1
2725 1 1
2726 1 1
2727 1 1
2728 1 1
2729 1 1
2730 1 1
2731 1 1
2732 1 1
2733 1 1
2734 1 1
2735 1 1
2736 1 1
2737 1 1
2738 1 1
2739 1 1
2740 1 1
2741 1 1
2742 1 1
2743 1 1
2744 1 1
2745 1 1
2746 1 1
2747 1 1
2748 1 1
2749 1 1
2750 1 1
2751 1 1
2752 1 1
2753 1 1
2754 1 1
2755 1 1
2756 1 1
2757 1 1
2758 1 1
2759 1 1
2760 1 1
2761 1 1
2762 1 1
2763 1 1
2764 1 1
2765 1 1
2766 1 1
2767 1 1
2768 1 1
2769 1 1
2830 0 1
2831 0 1
2832 0 1
2833 0 1
2834 0 1
2835 0 1
2836 0 1
2837 0 1
2838 0 1
2839 0 1
2840 0 1
2841 0 1
2842 0 1
2843 0 1
2844 0 1
2845 0 1
2846 0 1
2847 0 1
2848 0 1
2849 0 1
2850 0 1
2851 0 1
2852 0 1
2853 0 1
2854 0 1
2855 0 1
2856 0 1
2857 0 1
2858 0 1
2859 0 1
2860 0 1
2861 0 1
2862 0 1
2863 0 1
2864 0 1
2865 0 1
2866 0 1
2867 0 1
2868 0 1
2869 0 1
2870 0 1
2871 0 1
2872 0 1
2873 0 1
2874 0 1
2875 0 1
2876 0 1
2877 0 1
2878 0 1
2879 0 1
2880 0 1
2881 0 1
2882 0 1
2883 0 1
2884 0 1
2885 0 1
2886 0 1
2887 0 1
2888 0 1
2889 0 1
2890 1 1
2891 1 1
2892 1 1
2893 1 1
2894 1 1
2895 1 1
2896 1 1
2897 1 1
2898 1 1
2899 1 1
2900 1 1
2901 1 1
2902 1 1
2903 1 1
2904 1 1
2905 1 1
2906 1 1
2907 1 1
2908 1 1
2909 1 1
2910 1 1
2911 1 1
2912 1 1
2913 1 1
2914 1 1
2915 1 1
2916 1 1
2917 1 1
2918 1 1
2919 1 1
2920 1 1
2921 1 1
2922 1 1
2923 1 1
2924 1 1
2925 1 1
2926 1 1
2927 1 1
2928 1 1
2929 1 1
2930 1 1
2931 1 1
2932 1 1
2933 1 1
2934 1 1
2935 1 1
2936 1 1
2937 1 1
2938 1 1
2939 1 1
2940 1 1
2941 1 1
2942 1 1
2943 1 1
2944 1 1
2945 1 1
2946 1 1
2947 1 1
2948 1 1
2949 1 1
3010 1 1
3011 1 1
3012 1 1
3013 1 1
3014 1 1
3015 1 1
3016 1 1
3017 1 1
3018 1 1
3019 1 1
3020 1 1
3021 1 1
3022 1 1
3023 1 1
3024 1 1
3025 1 1
3026 1 1
3027 1 1
3028 1 1
3029 1 1
3030 1 1
3031 1 1
3032 1 1
3033 1 1
3034 1 1
3035 1 1
3036 1 1
3037 1 1
3038 1 1
3039 1 1
3040 1 1
3041 1 1
3042 1 1
3043 1 1
3044 1 1
3045 1 1
3046 1 1
3047 1 1
3048 1 1
3049 1 1
3050 1 1
3051 1 1
3052 1 1
3053 1 1
3054 1 1
3055 1 1
3056 1 1
3057 1 1
3058 1 1
3059 1 1
3060 1 1
3061 1 1
3062 1 1
3063 1 1
3064 1 1
3065 1 1
3066 1 1
3067 1 1
3068 1 1
3069 1 1
3070 1 1
3071 1 1
3072 1 1
3073 1 1
3074 1 1
3075 1 1
3076 1 1
3077 1 1
3078 1 1
3079 1 1
3080 1 1
3081 1 1
3082 1 1
3083 1 1
3084 1 1
3085 1 1
3086 1 1
3087 1 1
3088 1 1
3089 1 1
3090 1 1
3091 1 1
3092 1 1
3093 1 1
3094 1 1
3095 1 1
3096 1 1
3097 1 1
3098 1 1
3099 1 1
3100 1 1
3101 1 1
3102 1 1
3103 1 1
3104 1 1
3105 1 1
3106 1 1
3107 1 1
3108 1 1
3109 1 1
3110 1 1
3111 1 1
3112 1 1
3113 1 1
3114 1 1
3115 1 1
3116 1 1
3117 1 1
3118 1 1
3119 1 1
3120 1 1
3121 1 1
3122 1 1
3123 1 1
3124 1 1
3125 1 1
3126 1 1
3127 1 1
3128 1 1
3129 1 1
3190 0 1
3191 0 1
3192 0 1
3193 0 1
3194 0 1
3195 0 1
3196 0 1
3197 0 1
3198 0 1
3199 0 1
3200 0 1
3201 0 1
3202 0 1
3203 0 1
3204 0 1
3205 0 1
3206 0 1
3207 0 1
3208 0 1
3209 0 1
3210 0 1
3211 0 1
3212 0 1
3213 0 1
3214 0 1
3215 0 1
3216 0 1
3217 0 1
3218 0 1
3219 0 1
3220 0 1
3221 0 1
3222 0 1
3223 0 1
3224 0 1
3225 0 1
3226 0 1
3227 0 1
3228 0 1
3229 0 1
3230 0 1
3231 0 1
3232 0 1
3233 0 1
3234 0 1
3235 0 1
3236 0 1
3237 0 1
3238 0 1
3239 0 1
3240 0 1
3241 0 1
3242 0 1
3243 0 1
3244 0 1
3245 0 1
3246 0 1
3247 0 1
3248 0 1
3249 0 1
3250 1 1
3251 1 1
3252 1 1
3253 1 1
3254 1 1
3255 1 1
3256 1 1
3257 1 1
3258 1 1
3259 1 1
3260 1 1
3261 1 1
3262 1 1
3263 1 1
3264 1 1
3265 1 1
3266 1 1
3267 1 1
3268 1 1
3269 1 1
3270 1 1
3271 1 1
3272 1 1
3273 1 1
3274 1 1
3275 1 1
3276 1 1
3277 1 1
3278 1 1
3279 1 1
3280 1 1
3281 1 1
3282 1 1
3283 1 1
3284 1 1
3285 1 1
3286 1 1
3287 1 1
3288 1 1
3289 1 1
3290 1 1
3291 1 1
3292 1 1
3293 1 1
3294 1 1
3295 1 1
3296 1 1
3297 1 1
3298 1 1
3299 1 1
3300 1 1
3301 1 1
3302 1 1
3303 1 1
3304 1 1
3305 1 1
3306 1 1
3307 1 1
3308 1 1
3309 1 1
3310 1 1
3311 1 1
3312 1 1
3313 1 1
3314 1 1
3315 1 1
3316 1 1
3317 1 1
3318 1 1
3319 1 1
3320 1 1
3321 1 1
3322 1 1
3323 1 1
3324 1 1
3325 1 1
3326 1 1
3327 1 1
3328 1 1
3329 1 1
3330 1 1
3331 1 1
3332 1 1
3333 1 1
3334 1 1
3335 1 1
3336 1 1
3337 1 1
3338 1 1
3339 1 1
3340 1 1
3341 1 1
3342 1 1
3343 1 1
3344 1 1
3345 1 1
3346 1 1
3347 1 1
3348 1 1
3349 1 1
3350 1 1
3351 1 1
3352 1 1
3353 1 1
3354 1 1
3355 1 1
3356 1 1
3357 1 1
3358 1 1
3359 1 1
3360 1 1
3361 1 1
3362 1 1
3363 1 1
3364 1 1
3365 1 1
3366 1 1
3367 1 1
3368 1 1
3369 1 1
3370 1 1
3371 1 1
3372 1 1
3373 1 1
3374 1 1
3375 1 1
3376 1 1
3377 1 1
3378 1 1
3379 1 1
3380 1 1
3381 1 1
3382 1 1
3383 1 1
3384 1 1
3385 1 1
3386 1 1
3387 1 1
3388 1 1
3389 1 1
3390 1 1
3391 1 1
3392 1 1
3393 1 1
3394 1 1
3395 1 1
3396 1 1
3397 1 1
3398 1 1
3399 1 1
3400 1 1
3401 1 1
3402 1 1
3403 1 1
3404 1 1
3405 1 1
3406 1 1
3407 1 1
3408 1 1
3409 1 1
3410 1 1
3411 1 1
3412 1 1
3413 1 1
3414 1 1
3415 1 1
3416 1 1
3417 1 1
3418 1 1
3419 1 1
3420 1 1
3421 1 1
3422 1 1
3423 1 1
3424 1 1
3425 1 1
3426 1 1
3427 1 1
3428 0 1
3429 0 1
3430 0 1
3431 0 1
3432 0 1
3433 0 1
3434 0 1
3435 0 1
3436 0 1
3437 0 1
3438 0 1
3439 0 1
3440 0 1
3441 0 1
3442 0 1
3443 0 1
3444 0 1
3445 0 1
3446 0 1
3447 0 1
3448 0 1
3449 0 1
3450 0 1
3451 0 1
3452 0 1
3453 0 1
3454 0 1
3455 0 1
3456 0 1
3457 0 1
3458 0 1
3459 0 1
3460 0 1
3461 0 1
3462 0 1
3463 0 1
3464 0 1
3465 0 1
3466 0 1
3467 0 1
3468 0 1
3469 0 1
3470 0 1
3471 0 1
3472 0 1
3473 0 1
3474 0 1
3475 0 1
3476 0 1
3477 0 1
3478 0 1
3479 0 1
3480 0 1
3481 0 1
3482 0 1
3483 0 1
3484 0 1
3485 0 1
3486 0 1
3487 1 1
3488 1 1
3489 1 1
3490 1 1
3491 1 1
3492 1 1
3493 1 1
3494 1 1
3495 1 1
3496 1 1
3497 1 1
3498 1 1
3499 1 1
3500 1 1
3501 1 1
3502 1 1
3503 1 1
3504 1 1
3505 1 1
3506 1 1
3507 1 1
3508 1 1
3509 1 1
3510 1 1
3511 1 1
3512 1 1
3513 1 1
3514 1 1
3515 1 1
3516 1 1
3517 1 1
3518 1 1
3519 1 1
3520 1 1
3521 1 1
3522 1 1
3523 1 1
3524 1 1
3525 1 1
3526 1 1
3527 1 1
3528 1 1
3529 1 1
3530 1 1
3531 1 1
3532 1 1
3533 1 1
3534 1 1
3535 1 1
3536 1 1
3537 1 1
3538 1 1
3539 1 1
3540 1 1
3541 1 1
3542 1 1
3543 1 1
3544 1 1
3545 1 1
3546 1 1
3547 1 1
3548 1 1
3549 1 1
3550 1 1
3551 1 1
3552 1 1
3553 1 1
3554 1 1
3555 1 1
3556 1 1
3557 1 1
3558 1 1
3559 1 1
3560 1 1
3561 1 1
3562 1 1
3563 1 1
3564 1 1
3565 1 1
3566 1 1
3567 1 1
3568 1 1
3569 1 1
3570 1 1
3571 1 1
3572 1 1
3573 1 1
3574 1 1
3575 1 1
3576 1 1
3577 1 1
3578 1 1
3579 1 1
3580 1 1
3581 1 1
3582 1 1
3583 1 1
3584 1 1
3585 1 1
3586 1 1
3587 1 1
3588 1 1
3589 1 1
3590 1 1
3591 1 1
3592 1 1
3593 1 1
3594 1 1
3595 1 1
3596 1 1
3597 1 1
3598 1 1
3599 1 1
3600 1 1
3601 1 1
3602 1 1
3603 1 1
3604 1 1
3605 1 1
3606 1 1
3607 1 1
3608 1 1
3609 1 1
3610 1 1
3611 1 1
3612 1 1
3613 1 1
3614 1 1
3615 1 1
3616 1 1
3617 1 1
3618 1 1
3619 1 1
3620 1 1
3621 1 1
3622 1 1
3623 1 1
3624 1 1
3625 1 1
3626 1 1
3627 1 1
3628 1 1
3629 1 1
3630 1 1
3631 1 1
3632 1 1
3633 1 1
3634 1 1
3635 1 1
3636 1 1
3637 1 1
3638 1 1
3639 1 1
3640 1 1
3641 1 1
3642 1 1
3643 1 1
3644 1 1
3645 1 1
3646 1 1
3647 1 1
3648 1 1
3649 1 1
3650 1 1
3651 1 1
3652 1 1
3653 1 1
3654 1 1
3655 1 1
3656 1 1
3657 1 1
3658 1 1
3659 1 1
3660 1 1
3661 1 1
3662 1 1
3663 1 1
3664 1 1
3665 1 1
3666 1 1
3667 0 1
3668 0 1
3669 0 1
3670 0 1
3671 0 1
3672 0 1
3673 0 1
3674 0 1
3675 0 1
3676 0 1
3677 0 1
3678 0 1
3679 0 1
3680 0 1
3681 0 1
3682 0 1
3683 0 1
3684 0 1
3685 0 1
3686 0 1
3687 0 1
3688 0 1
3689 0 1
3690 0 1
3691 0 1
3692 0 1
3693 0 1
3694 0 1
3695 0 1
3696 0 1
3697 0 1
3698 0 1
3699 0 1
3700 0 1
3701 0 1
3702 0 1
3703 0 1
3704 0 1
3705 0 1
3706 0 1
3707 0 1
3708 0 1
3709 0 1
3710 0 1
3711 0 1
3712 0 1
3713 0 1
3714 0 1
3715 0 1
3716 0 1
3717 0 1
3718 0 1
3719 0 1
3720 0 1
3721 0 1
3722 0 1
3723 0 1
3724 0 1
3725 0 1
3726 0 1
3727 1 1
3728 1 1
3729 1 1
3730 1 1
3731 1 1
3732 1 1
3733 1 1
3734 1 1
3735 1 1
3736 1 1
3737 1 1
3738 1 1
3739 1 1
3740 1 1
3741 1 1
3742 1 1
3743 1 1
3744 1 1
3745 1 1
3746 1 1
3747 1 1
3748 1 1
3749 1 1
3750 1 1
3751 1 1
3752 1 1
3753 1 1
3754 1 1
3755 1 1
3756 1 1
3757 1 1
3758 1 1
3759 1 1
3760 1 1
3761 1 1
3762 1 1
3763 1 1
3764 1 1
3765 1 1
3766 1 1
3767 1 1
3768 1 1
3769 1 1
3770 1 1
3771 1 1
3772 1 1
3773 1 1
3774 1 1
3775 1 1
3776 1 1
3777 1 1
3778 1 1
3779 1 1
3780 1 1
3781 1 1
3782 1 1
3783 1 1
3784 1 1
3785 1 1
3786 1 1
3787 1 1
3788 1 1
3789 1 1
3790 1 1
3791 1 1
3792 1 1
3793 1 1
3794 1 1
3795 1 1
3796 1 1
3797 1 1
3798 1 1
3799 1 1
3800 1 1
3801 1 1
3802 1 1
3803 1 1
3804 1 1
3805 1 1
3806 1 1
3807 1 1
3808 1 1
3809 1 1
3810 1 1
3811 1 1
3812 1 1
3813 1 1
3814 1 1
3815 1 1
3816 1 1
3817 1 1
3818 1 1
3819 1 1
3820 1 1
3821 1 1
3822 1 1
3823 1 1
3824 1 1
3825 1 1
3826 1 1
3827 1 1
3828 1 1
3829 1 1
3830 1 1
3831 1 1
3832 1 1
3833 1 1
3834 1 1
3835 1 1
3836 1 1
3837 1 1
3838 1 1
3839 1 1
3840 1 1
3841 1 1
3842 1 1
3843 1 1
3844 1 1
3845 1 1
3846 1 1
3847 1 1
3848 1 1
3849 1 1
3850 1 1
3851 1 1
3852 1 1
3853 1 1
3854 1 1
3855 1 1
3856 1 1
3857 1 1
3858 1 1
3859 1 1
3860 1 1
3861 1 1
3862 1 1
3863 1 1
3864 1 1
3865 1 1
3866 1 1
3867 1 1
3868 1 1
3869 1 1
3870 1 1
3871 1 1
3872 1 1
3873 1 1
3874 1 1
3875 1 1
3876 1 1
3877 1 1
3878 1 1
3879 1 1
3880 1 1
3881 1 1
3882 1 1
3883 1 1
3884 1 1
3885 1 1
3886 1 1
3887 1 1
3888 1 1
3889 1 1
3890 1 1
3891 1 1
3892 1 1
3893 1 1
3894 1 1
3895 1 1
3896 1 1
3897 1 1
3898 1 1
3899 1 1
3900 1 1
3901 1 1
3902 1 1
3903 1 1
3904 1 1
3905 1 1
3906 1 1
3907 1 1
3908 1 1
3909 1 1
3910 1 1
3911 1 1
3912 1 1
3913 1 1
3914 1 1
3915 1 1
3916 1 1
3917 1 1
3918 1 1
3919 1 1
3920 1 1
3921 1 1
3922 1 1
3923 1 1
3924 1 1
3925 1 1
3926 1 1
3927 1 1
3928 1 1
3929 1 1
3930 1 1
3931 1 1
3932 1 1
3933 1 1
3934 1 1
3935 1 1
3936 1 1
3937 1 1
3938 1 1
3939 1 1
3940 1 1
3941 1 1
3942 1 1
3943 1 1
3944 1 1
3945 1 1
3946 1 1
3947 1 1
3948 1 1
3949 1 1
3950 1 1
3951 1 1
3952 1 1
3953 1 1
3954 1 1
3955 1 1
3956 1 1
3957 1 1
3958 1 1
3959 1 1
3960 1 1
3961 1 1
3962 1 1
3963 1 1
3964 1 1
3965 1 1
3966 1 1
3967 1 1
3968 1 1
3969 1 1
3970 1 1
3971 1 1
3972 1 1
3973 1 1
3974 1 1
3975 1 1
3976 1 1
3977 1 1
3978 1 1
3979 1 1
3980 1 1
3981 1 1
3982 1 1
3983 1 1
3984 1 1
3985 1 1
3986 1 1
3987 1 1
3988 1 1
3989 1 1
3990 1 1
3991 1 1
3992 1 1
3993 1 1
3994 1 1
3995 1 1
3996 1 1
3997 1 1
3998 1 1
3999 1 1
4000 1 1
4001 1 1
4002 1 1
4003 1 1
4004 1 1
4005 1 1
4006 1 1
4007 1 1
4008 1 1
4009 1 1
4010 1 1
4011 1 1
4012 1 1
4013 1 1
4014 1 1
4015 1 1
4016 1 1
4077 1 1
4078 1 1
4079 1 1
4080 1 1
4081 1 1
4082 1 1
4083 1 1
4084 1 1
4085 1 1
4086 1 1
4087 1 1
4088 1 1
4089 1 1
4090 1 1
4091 1 1
4092 1 1
4093 1 1
4094 1 1
4095 1 1
4096 1 1
4097 1 1
4098 1 1
4099 1 1
4100 1 1
4101 1 1
4102 1 1
4103 1 1
4104 1 1
4105 1 1
4106 1 1
4107 1 1
4108 1 1
4109 1 1
4110 1 1
4111 1 1
4112 1 1
4113 1 1
4114 1 1
4115 1 1
4116 1 1
4117 1 1
4118 1 1
4119 1 1
4120 1 1
4121 1 1
4122 1 1
4123 1 1
4124 1 1
4125 1 1
4126 1 1
4127 1 1
4128 1 1
4129 1 1
4130 1 1
4131 1 1
4132 1 1
4133 1 1
4134 1 1
4135 1 1
4136 1 1
4197 1 1
4198 1 1
4199 1 1
4200 1 1
4201 1 1
4202 1 1
4203 1 1
4204 1 1
4205 1 1
4206 1 1
4207 1 1
4208 1 1
4209 1 1
4210 1 1
4211 1 1
4212 1 1
4213 1 1
4214 1 1
4215 1 1
4216 1 1
4217 1 1
4218 1 1
4219 1 1
4220 1 1
4221 1 1
4222 1 1
4223 1 1
4224 1 1
4225 1 1
4226 1 1
4227 1 1
4228 1 1
4229 1 1
4230 1 1
4231 1 1
4232 1 1
4233 1 1
4234 1 1
4235 1 1
4236 1 1
4237 1 1
4238 1 1
4239 1 1
4240 1 1
4241 1 1
4242 1 1
4243 1 1
4244 1 1
4245 1 1
4246 1 1
4247 1 1
4248 1 1
4249 1 1
4250 1 1
4251 1 1
4252 1 1
4253 1 1
4254 1 1
4255 1 1
4256 1 1
4257 1 1
4258 1 1
4259 1 1
4260 1 1
4261 1 1
4262 1 1
4263 1 1
4264 1 1
4265 1 1
4266 1 1
4267 1 1
4268 1 1
4269 1 1
4270 1 1
4271 1 1
4272 1 1
4273 1 1
4274 1 1
4275 1 1
4276 1 1
4277 1 1
4278 1 1
4279 1 1
4280 1 1
4281 1 1
4282 1 1
4283 1 1
4284 1 1
4285 1 1
4286 1 1
4287 1 1
4288 1 1
4289 1 1
4290 1 1
4291 1 1
4292 1 1
4293 1 1
4294 1 1
4295 1 1
4296 1 1
4297 1 1
4298 1 1
4299 1 1
4300 1 1
4301 1 1
4302 1 1
4303 1 1
4304 1 1
4305 1 1
4306 1 1
4307 1 1
4308 1 1
4309 1 1
4310 1 1
4311 1 1
4312 1 1
4313 1 1
4314 1 1
4315 1 1
4316 1 1
4317 0 1
4318 0 1
4319 0 1
4320 0 1
4321 0 1
4322 0 1
4323 0 1
4324 0 1
4325 0 1
4326 0 1
4327 0 1
4328 0 1
4329 0 1
4330 0 1
4331 0 1
4332 0 1
4333 0 1
4334 0 1
4335 0 1
4336 0 1
4337 0 1
4338 0 1
4339 0 1
4340 0 1
4341 0 1
4342 0 1
4343 0 1
4344 0 1
4345 0 1
4346 0 1
4347 0 1
4348 0 1
4349 0 1
4350 0 1
4351 0 1
4352 0 1
4353 0 1
4354 0 1
4355 0 1
4356 0 1
4357 0 1
4358 0 1
4359 0 1
4360 0 1
4361 0 1
4362 0 1
4363 0 1
4364 0 1
4365 0 1
4366 0 1
4367 0 1
4368 0 1
4369 0 1
4370 0 1
4371 0 1
4372 0 1
4373 0 1
4374 1 1
4375 1 1
4376 1 1
4377 1 1
4378 1 1
4379 1 1
4380 1 1
4381 1 1
4382 1 1
4383 1 1
4384 1 1
4385 1 1
4386 1 1
4387 1 1
4388 1 1
4389 1 1
4390 1 1
4391 1 1
4392 1 1
4393 1 1
4394 1 1
4395 1 1
4396 1 1
4397 1 1
4398 1 1
4399 1 1
4400 1 1
4401 1 1
4402 1 1
4403 1 1
4404 1 1
4405 1 1
4406 1 1
4407 1 1
4408 1 1
4409 1 1
4410 1 1
4411 1 1
4412 1 1
4413 1 1
4414 1 1
4415 1 1
4416 1 1
4417 1 1
4418 1 1
4419 1 1
4420 1 1
4421 1 1
4422 1 1
4423 1 1
4424 1 1
4425 1 1
4426 1 1
4427 1 1
4428 1 1
4429 1 1
4430 1 1
4431 1 1
4432 1 1
4433 1 1
4494 1 1
4495 1 1
4496 1 1
4497 1 1
4498 1 1
4499 1 1
4500 1 1
4501 1 1
4502 1 1
4503 1 1
4504 1 1
4505 1 1
4506 1 1
4507 1 1
4508 1 1
4509 1 1
4510 1 1
4511 1 1
4512 1 1
4513 1 1
4514 1 1
4515 1 1
4516 1 1
4517 1 1
4518 1 1
4519 1 1
4520 1 1
4521 1 1
4522 1 1
4523 1 1
4524 1 1
4525 1 1
4526 1 1
4527 1 1
4528 1 1
4529 1 1
4530 1 1
4531 1 1
4532 1 1
4533 1 1
4534 1 1
4535 1 1
4536 1 1
4537 1 1
4538 1 1
4539 1 1
4540 1 1
4541 1 1
4542 1 1
4543 1 1
4544 1 1
4545 1 1
4546 1 1
4547 1 1
4548 1 1
4549 1 1
4550 1 1
4551 1 1
4552 1 1
4553 0 1
4554 0 1
4555 0 1
4556 0 1
4557 0 1
4558 0 1
4559 0 1
4560 0 1
4561 0 1
4562 0 1
4563 0 1
4564 0 1
4565 0 1
4566 0 1
4567 0 1
4568 0 1
4569 0 1
4570 0 1
4571 0 1
4572 0 1
4573 0 1
4574 0 1
4575 0 1
4576 0 1
4577 0 1
4578 0 1
4579 0 1
4580 0 1
4581 0 1
4582 0 1
4583 0 1
4584 0 1
4585 0 1
4586 0 1
4587 0 1
4588 0 1
4589 0 1
4590 0 1
4591 0 1
4592 0 1
4593 0 1
4594 0 1
4595 0 1
4596 0 1
4597 0 1
4598 0 1
4599 0 1
4600 0 1
4601 0 1
4602 0 1
4603 0 1
4604 0 1
4605 0 1
4606 0 1
4607 0 1
4608 0 1
4609 0 1
4610 0 1
4611 0 1
4612 0 1
4613 0 1
4614 0 1
4615 0 1
4616 0 1
4617 0 1
4618 0 1
4619 0 1
4620 0 1
4621 0 1
4622 0 1
4623 0 1
4624 0 1
4625 0 1
4626 0 1
4627 0 1
4628 0 1
4629 0 1
4630 0 1
4631 0 1
4632 0 1
4633 0 1
4634 0 1
4635 0 1
4636 0 1
4637 0 1
4638 0 1
4639 0 1
4640 0 1
4641 0 1
4642 0 1
4643 0 1
4644 0 1
4645 0 1
4646 0 1
4647 0 1
4648 0 1
4649 0 1
4650 0 1
4651 0 1
4652 0 1
4653 0 1
4654 0 1
4655 0 1
4656 0 1
4657 0 1
4658 0 1
4659 0 1
4660 0 1
4661 0 1
4662 0 1
4663 0 1
4664 0 1
4665 0 1
4666 0 1
4667 0 1
4668 0 1
4669 0 1
4670 0 1
4671 0 1
4672 0 1
4673 1 1
4674 1 1
4675 1 1
4676 1 1
4677 1 1
4678 1 1
4679 1 1
4680 1 1
4681 1 1
4682 1 1
4683 1 1
4684 1 1
4685 1 1
4686 1 1
4687 1 1
4688 1 1
4689 1 1
4690 1 1
4691 1 1
4692 1 1
4693 1 1
4694 1 1
4695 1 1
4696 1 1
4697 1 1
4698 1 1
4699 1 1
4700 1 1
4701 1 1
4702 1 1
4703 1 1
4704 1 1
4705 1 1
4706 1 1
4707 1 1
4708 1 1
4709 1 1
4710 1 1
4711 1 1
4712 1 1
4713 1 1
4714 1 1
4715 1 1
4716 1 1
4717 1 1
4718 1 1
4719 1 1
4720 1 1
4721 1 1
4722 1 1
4723 1 1
4724 1 1
4725 1 1
4726 1 1
4727 1 1
4728 1 1
4729 1 1
4730 1 1
4731 1 1
4732 1 1
4733 1 1
4734 1 1
4735 1 1
4736 1 1
4737 1 1
4738 1 1
4739 1 1
4740 1 1
4741 1 1
4742 1 1
4743 1 1
4744 1 1
4745 1 1
4746 1 1
4747 1 1
4748 1 1
4749 1 1
4750 1 1
4751 1 1
4752 1 1
4753 1 1
4754 1 1
4755 1 1
4756 1 1
4757 1 1
4758 1 1
4759 1 1
4760 1 1
4761 1 1
4762 1 1
4763 1 1
4764 1 1
4765 1 1
4766 1 1
4767 1 1
4768 1 1
4769 1 1
4770 1 1
4771 1 1
4772 1 1
4773 1 1
4774 1 1
4775 1 1
4776 1 1
4777 1 1
4778 1 1
4779 1 1
4780 1 1
4781 1 1
4782 1 1
4783 1 1
4784 1 1
4785 1 1
4786 1 1
4787 1 1
4788 1 1
4789 1 1
4790 1 1
4791 1 1
4792 1 1
4793 1 1
4794 1 1
4795 1 1
4796 1 1
4797 1 1
4798 1 1
4799 1 1
4800 1 1
4801 1 1
4802 1 1
4803 1 1
4804 1 1
4805 1 1
4806 1 1
4807 1 1
4808 1 1
4809 1 1
4810 1 1
4811 1 1
4812 1 1
4813 1 1
4814 1 1
4815 1 1
4816 1 1
4817 1 1
4818 1 1
4819 1 1
4820 1 1
4821 1 1
4822 1 1
4823 1 1
4824 1 1
4825 1 1
4826 1 1
4827 1 1
4828 1 1
4829 1 1
4830 1 1
4831 1 1
4832 1 1
4833 1 1
4834 1 1
4835 1 1
4836 1 1
4837 1 1
4838 1 1
4839 1 1
4840 1 1
4841 1 1
4842 1 1
4843 1 1
4844 1 1
4845 1 1
4846 1 1
4847 1 1
4848 1 1
4849 1 1
4850 1 1
4851 1 1
4852 1 1
4906 1 1
4907 1 1
4908 1 1
4909 1 1
4910 1 1
4911 1 1
4912 1 1
4913 1 1
4914 1 1
4915 1 1
4916 1 1
4917 1 1
4918 1 1
4919 1 1
4920 1 1
4921 1 1
4922 1 1
4923 1 1
4924 1 1
4925 1 1
4926 1 1
4927 1 1
4928 1 1
4929 1 1
4930 1 1
4931 1 1
4932 1 1
4933 1 1
4934 1 1
4935 1 1
4936 1 1
4937 1 1
4938 1 1
4939 1 1
4940 1 1
4941 1 1
4942 1 1
4943 1 1
4944 1 1
4945 1 1
4946 1 1
4947 1 1
4948 1 1
4949 1 1
4950 1 1
4951 1 1
4952 1 1
4953 1 1
4954 1 1
4955 1 1
4956 1 1
4957 1 1
4958 1 1
4959 1 1
4960 1 1
4961 1 1
4962 1 1
4963 1 1
4964 1 1
4965 1 1
4966 0 1
4967 0 1
4968 0 1
4969 0 1
4970 0 1
4971 0 1
4972 0 1
4973 0 1
4974 0 1
4975 0 1
4976 0 1
4977 0 1
4978 0 1
4979 0 1
4980 0 1
4981 0 1
4982 0 1
4983 0 1
4984 0 1
4985 0 1
4986 0 1
4987 0 1
4988 0 1
4989 0 1
4990 0 1
4991 0 1
4992 0 1
4993 0 1
4994 0 1
4995 0 1
4996 0 1
4997 0 1
4998 0 1
4999 0 1
5000 0 1
5001 0 1
5002 0 1
5003 0 1
5004 0 1
5005 0 1
5006 0 1
5007 0 1
5008 0 1
5009 0 1
5010 0 1
5011 0 1
5012 0 1
5013 0 1
5014 0 1
5015 0 1
5016 0 1
5017 0 1
5018 0 1
5019 0 1
5020 0 1
5021 0 1
5022 0 1
5023 0 1
5024 0 1
5025 0 1
5086 0 1
5087 0 1
5088 0 1
5089 0 1
5090 0 1
5091 0 1
5092 0 1
5093 0 1
5094 0 1
5095 0 1
5096 0 1
5097 0 1
5098 0 1
5099 0 1
5100 0 1
5101 0 1
5102 0 1
5103 0 1
5104 0 1
5105 0 1
5106 0 1
5107 0 1
5108 0 1
5109 0 1
5110 0 1
5111 0 1
5112 0 1
5113 0 1
5114 0 1
5115 0 1
5116 0 1
5117 0 1
5118 0 1
5119 0 1
5120 0 1
5121 0 1
5122 0 1
5123 0 1
5124 0 1
5125 0 1
5126 0 1
5127 0 1
5128 0 1
5129 0 1
5130 0 1
5131 0 1
5132 0 1
5133 0 1
5134 0 1
5135 0 1
5136 0 1
5137 0 1
5138 0 1
5139 0 1
5140 0 1
5141 0 1
5142 0 1
5143 0 1
5144 0 1
5145 0 1
5146 1 1
5147 1 1
5148 1 1
5149 1 1
5150 1 1
5151 1 1
5152 1 1
5153 1 1
5154 1 1
5155 1 1
5156 1 1
5157 1 1
5158 1 1
5159 1 1
5160 1 1
5161 1 1
5162 1 1
5163 1 1
5164 1 1
5165 1 1
5166 1 1
5167 1 1
5168 1 1
5169 1 1
5170 1 1
5171 1 1
5172 1 1
5173 1 1
5174 1 1
5175 1 1
5176 1 1
5177 1 1
5178 1 1
5179 1 1
5180 1 1
5181 1 1
5182 1 1
5183 1 1
5184 1 1
5185 1 1
5186 1 1
5187 1 1
5188 1 1
5189 1 1
5190 1 1
5191 1 1
5192 1 1
5193 1 1
5194 1 1
5195 1 1
5196 1 1
5197 1 1
5198 1 1
5199 1 1
5200 1 1
5201 1 1
5202 1 1
5203 1 1
5204 1 1
5205 1 1
5206 0 1
5207 0 1
5208 0 1
5209 0 1
5210 0 1
5211 0 1
5212 0 1
5213 0 1
5214 0 1
5215 0 1
5216 0 1
5217 0 1
5218 0 1
5219 0 1
5220 0 1
5221 0 1
5222 0 1
5223 0 1
5224 0 1
5225 0 1
5226 0 1
5227 0 1
5228 0 1
5229 0 1
5230 0 1
5231 0 1
5232 0 1
5233 0 1
5234 0 1
5235 0 1
5236 0 1
5237 0 1
5238 0 1
5239 0 1
5240 0 1
5241 0 1
5242 0 1
5243 0 1
5244 0 1
5245 0 1
5246 0 1
5247 0 1
5248 0 1
5249 0 1
5250 0 1
5251 0 1
5252 0 1
5253 0 1
5254 0 1
5255 0 1
5256 0 1
5257 0 1
5258 0 1
5259 0 1
5260 0 1
5261 0 1
5262 0 1
5263 0 1
5264 0 1
5265 0 1
5326 1 1
5327 1 1
5328 1 1
5329 1 1
5330 1 1
5331 1 1
5332 1 1
5333 1 1
5334 1 1
5335 1 1
5336 1 1
5337 1 1
5338 1 1
5339 1 1
5340 1 1
5341 1 1
5342 1 1
5343 1 1
5344 1 1
5345 1 1
5346 1 1
5347 1 1
5348 1 1
5349 1 1
5350 1 1
5351 1 1
5352 1 1
5353 1 1
5354 1 1
5355 1 1
5356 1 1
5357 1 1
5358 1 1
5359 1 1
5360 1 1
5361 1 1
5362 1 1
5363 1 1
5364 1 1
5365 1 1
5366 1 1
5367 1 1
5368 1 1
5369 1 1
5370 1 1
5371 1 1
5372 1 1
5373 1 1
5374 1 1
5375 1 1
5376 1 1
5377 1 1
5378 1 1
5379 1 1
5380 1 1
5381 1 1
5382 1 1
5383 1 1
5384 1 1
5385 1 1
5386 1 1
5387 1 1
5388 1 1
5389 1 1
5390 1 1
5391 1 1
5392 1 1
5393 1 1
5394 1 1
5395 1 1
5396 1 1
5397 1 1
5398 1 1
5399 1 1
5400 1 1
5401 1 1
5402 1 1
5403 1 1
5404 1 1
5405 1 1
5406 1 1
5407 1 1
5408 1 1
5409 1 1
5410 1 1
5411 1 1
5412 1 1
5413 1 1
5414 1 1
5415 1 1
5416 1 1
5417 1 1
5418 1 1
5419 1 1
5420 1 1
5421 1 1
5422 1 1
5423 1 1
5424 1 1
5425 1 1
5426 1 1
5427 1 1
5428 1 1
5429 1 1
5430 1 1
5431 1 1
5432 1 1
5433 1 1
5434 1 1
5435 1 1
5436 1 1
5437 1 1
5438 1 1
5439 1 1
5440 1 1
5441 1 1
5442 1 1
5443 1 1
5444 1 1
5445 1 1
5506 1 1
5507 1 1
5508 1 1
5509 1 1
5510 1 1
5511 1 1
5512 1 1
5513 1 1
5514 1 1
5515 1 1
5516 1 1
5517 1 1
5518 1 1
5519 1 1
5520 1 1
5521 1 1
5522 1 1
5523 1 1
5524 1 1
5525 1 1
5526 1 1
5527 1 1
5528 1 1
5529 1 1
5530 1 1
5531 1 1
5532 1 1
5533 1 1
5534 1 1
5535 1 1
5536 1 1
5537 1 1
5538 1 1
5539 1 1
5540 1 1
5541 1 1
5542 1 1
5543 1 1
5544 1 1
5545 1 1
5546 1 1
5547 1 1
5548 1 1
5549 1 1
5550 1 1
5551 1 1
5552 1 1
5553 1 1
5554 1 1
5555 1 1
5556 1 1
5557 1 1
5558 1 1
5559 1 1
5560 1 1
5561 1 1
5562 1 1
5563 1 1
5564 1 1
5565 1 1
5566 1 1
5567 1 1
5568 1 1
5569 1 1
5570 1 1
5571 1 1
5572 1 1
5573 1 1
5574 1 1
5575 1 1
5576 1 1
5577 1 1
5578 1 1
5579 1 1
5580 1 1
5581 1 1
5582 1 1
5583 1 1
5584 1 1
5585 1 1
5586 1 1
5587 1 1
5588 1 1
5589 1 1
5590 1 1
5591 1 1
5592 1 1
5593 1 1
5594 1 1
5595 1 1
5596 1 1
5597 1 1
5598 1 1
5599 1 1
5600 1 1
5601 1 1
5602 1 1
5603 1 1
5604 1 1
5605 1 1
5606 1 1
5607 1 1
5608 1 1
5609 1 1
5610 1 1
5611 1 1
5612 1 1
5613 1 1
5614 1 1
5615 1 1
5616 1 1
5617 1 1
5618 1 1
5619 1 1
5620 1 1
5621 1 1
5622 1 1
5623 1 1
5624 1 1
5625 1 1
5745 1 1
5746 1 1
5747 1 1
5748 1 1
5749 1 1
5750 1 1
5751 1 1
5752 1 1
5753 1 1
5754 1 1
5755 1 1
5756 1 1
5757 1 1
5758 1 1
5759 1 1
5760 1 1
5761 1 1
5762 1 1
5763 1 1
5764 1 1
5765 1 1
5766 1 1
5767 1 1
5768 1 1
5769 1 1
5770 1 1
5771 1 1
5772 1 1
5773 1 1
5774 1 1
5775 1 1
5776 1 1
5777 1 1
5778 1 1
5779 1 1
5780 1 1
5781 1 1
5782 1 1
5783 1 1
5784 1 1
5785 1 1
5786 1 1
5787 1 1
5788 1 1
5789 1 1
5790 1 1
5791 1 1
5792 1 1
5793 1 1
5794 1 1
5795 1 1
5796 1 1
5797 1 1
5798 1 1
5799 1 1
5800 1 1
5801 1 1
5802 1 1
5803 1 1
5804 1 1
5805 1 1
5806 1 1
5807 1 1
5808 1 1
5809 1 1
5810 1 1
5811 1 1
5812 1 1
5813 1 1
5814 1 1
5815 1 1
5816 1 1
5817 1 1
5818 1 1
5819 1 1
5820 1 1
5821 1 1
5822 1 1
5823 1 1
5824 1 1
5825 1 1
5826 1 1
5827 1 1
5828 1 1
5829 1 1
5830 1 1
5831 1 1
5832 1 1
5833 1 1
5834 1 1
5835 1 1
5836 1 1
5837 1 1
5838 1 1
5839 1 1
5840 1 1
5841 1 1
5842 1 1
5843 1 1
5844 1 1
5845 1 1
5846 1 1
5847 1 1
5848 1 1
5849 1 1
5850 1 1
5851 1 1
5852 1 1
5853 1 1
5854 1 1
5855 1 1
5856 1 1
5857 1 1
5858 1 1
5859 1 1
5860 1 1
5861 1 1
5862 1 1
5863 1 1
5864 1 1
5865 0 1
5866 0 1
5867 0 1
5868 0 1
5869 0 1
5870 0 1
5871 0 1
5872 0 1
5873 0 1
5874 0 1
5875 0 1
5876 0 1
5877 0 1
5878 0 1
5879 0 1
5880 0 1
5881 0 1
5882 0 1
5883 0 1
5884 0 1
5885 0 1
5886 0 1
5887 0 1
5888 0 1
5889 0 1
5890 0 1
5891 0 1
5892 0 1
5893 0 1
5894 0 1
5895 0 1
5896 0 1
5897 0 1
5898 0 1
5899 0 1
5900 0 1
5901 0 1
5902 0 1
5903 0 1
5904 0 1
5905 0 1
5906 0 1
5907 0 1
5908 0 1
5909 0 1
5910 0 1
5911 0 1
5912 0 1
5913 0 1
5914 0 1
5915 0 1
5916 0 1
5917 0 1
5918 0 1
5919 0 1
5920 0 1
5921 0 1
5922 0 1
5923 0 1
5924 0 1
5925 0 1
5926 0 1
5927 0 1
5928 0 1
5929 0 1
5930 0 1
5931 0 1
5932 0 1
5933 0 1
5934 0 1
5935 0 1
5936 0 1
5937 0 1
5938 0 1
5939 0 1
5940 0 1
5941 0 1
5942 0 1
5943 0 1
5944 0 1
5945 0 1
5946 0 1
5947 0 1
5948 0 1
5949 0 1
5950 0 1
5951 0 1
5952 0 1
5953 0 1
5954 0 1
5955 0 1
5956 0 1
5957 0 1
5958 0 1
5959 0 1
5960 0 1
5961 0 1
5962 0 1
5963 0 1
5964 0 1
5965 0 1
5966 0 1
5967 0 1
5968 0 1
5969 0 1
5970 0 1
5971 0 1
5972 0 1
5973 0 1
5974 0 1
6095 0 1
6096 0 1
6097 0 1
6098 0 1
6099 0 1
6100 0 1
6101 0 1
6102 0 1
6103 0 1
6104 0 1
6105 0 1
6106 0 1
6107 0 1
6108 0 1
6109 0 1
6110 0 1
6111 0 1
6112 0 1
6113 0 1
6114 0 1
6115 0 1
6116 0 1
6117 0 1
6118 0 1
6119 0 1
6120 0 1
6121 0 1
6122 0 1
6123 0 1
6124 0 1
6125 0 1
6126 0 1
6127 0 1
6128 0 1
6129 0 1
6130 0 1
6131 0 1
6132 0 1
6133 0 1
6134 0 1
6135 0 1
6136 0 1
6137 0 1
6138 0 1
6139 0 1
6140 0 1
6141 0 1
6142 0 1
6143 0 1
6144 1 1
6145 1 1
6146 1 1
6147 1 1
6148 1 1
6149 1 1
6150 1 1
6151 1 1
6152 1 1
6153 1 1
6154 1 1
6155 1 1
6156 1 1
6157 1 1
6158 1 1
6159 1 1
6160 1 1
6161 1 1
6162 1 1
6163 1 1
6164 1 1
6165 1 1
6166 1 1
6167 1 1
6168 1 1
6169 1 1
6170 1 1
6171 1 1
6172 1 1
6173 1 1
6174 1 1
6175 1 1
6176 1 1
6177 1 1
6178 1 1
6179 1 1
6180 1 1
6181 1 1
6182 1 1
6183 1 1
6184 1 1
6185 1 1
6186 1 1
6187 1 1
6188 1 1
6189 1 1
6190 1 1
6191 1 1
6192 1 1
6193 1 1
6194 1 1
6195 1 1
6196 1 1
6197 1 1
6198 1 1
6199 1 1
6200 1 1
6201 1 1
6202 1 1
6203 1 1
6204 1 1
6205 1 1
6206 1 1
6207 1 1
6208 1 1
6209 1 1
6210 1 1
6211 1 1
6212 1 1
6213 1 1
6214 1 1
6215 1 1
6216 1 1
6217 1 1
6218 1 1
6219 1 1
6220 1 1
6221 1 1
6222 1 1
6223 1 1
6224 1 1
6225 1 1
6226 1 1
6227 1 1
6228 1 1
6229 1 1
6230 1 1
6231 1 1
6232 1 1
6233 1 1
6234 1 1
6235 1 1
6236 1 1
6237 1 1
6238 1 1
6239 1 1
6240 1 1
6241 1 1
6242 1 1
6243 1 1
6244 1 1
6245 1 1
6246 1 1
6247 1 1
6248 1 1
6249 1 1
6250 1 1
6251 1 1
6252 1 1
6253 1 1
6254 1 1
6255 1 1
6256 1 1
6257 1 1
6258 1 1
6259 1 1
6260 1 1
6261 1 1
6262 1 1
6263 0 1
6264 0 1
6265 0 1
6266 0 1
6267 0 1
6268 0 1
6269 0 1
6270 0 1
6271 0 1
6272 0 1
6273 0 1
6274 0 1
6275 0 1
6276 0 1
6277 0 1
6278 0 1
6279 0 1
6280 0 1
6281 0 1
6282 0 1
6283 0 1
6284 0 1
6285 0 1
6286 0 1
6287 0 1
6288 0 1
6289 0 1
6290 0 1
6291 0 1
6292 0 1
6293 0 1
6294 0 1
6295 0 1
6296 0 1
6297 0 1
6298 0 1
6299 0 1
6300 0 1
6301 0 1
6302 0 1
6303 0 1
6304 0 1
6305 0 1
6306 0 1
6307 0 1
6308 0 1
6309 0 1
6310 0 1
6311 0 1
6312 0 1
6313 0 1
6314 0 1
6315 0 1
6316 0 1
6317 0 1
6318 0 1
6319 0 1
6320 0 1
6321 0 1
6322 0 1
6323 1 1
6324 1 1
6325 1 1
6326 1 1
6327 1 1
6328 1 1
6329 1 1
6330 1 1
6331 1 1
6332 1 1
6333 1 1
6334 1 1
6335 1 1
6336 1 1
6337 1 1
6338 1 1
6339 1 1
6340 1 1
6341 1 1
6342 1 1
6343 1 1
6344 1 1
6345 1 1
6346 1 1
6347 1 1
6348 1 1
6349 1 1
6350 1 1
6351 1 1
6352 1 1
6353 1 1
6354 1 1
6355 1 1
6356 1 1
6357 1 1
6358 1 1
6359 1 1
6360 1 1
6361 1 1
6362 1 1
6363 1 1
6364 1 1
6365 1 1
6366 1 1
6367 1 1
6368 1 1
6369 1 1
6370 1 1
6371 1 1
6372 1 1
6373 1 1
6374 1 1
6375 1 1
6376 1 1
6377 1 1
6378 1 1
6379 1 1
6380 1 1
6381 1 1
6382 1 1
6383 0 1
6384 0 1
6385 0 1
6386 0 1
6387 0 1
6388 0 1
6389 0 1
6390 0 1
6391 0 1
6392 0 1
6393 0 1
6394 0 1
6395 0 1
6396 0 1
6397 0 1
6398 0 1
6399 0 1
6400 0 1
6401 0 1
6402 0 1
6403 0 1
6404 0 1
6405 0 1
6406 0 1
6407 0 1
6408 0 1
6409 0 1
6410 0 1
6411 0 1
6412 0 1
6413 0 1
6414 0 1
6415 0 1
6416 0 1
6417 0 1
6418 0 1
6419 0 1
6420 0 1
6421 0 1
6422 0 1
6423 0 1
6424 0 1
6425 0 1
6426 0 1
6427 0 1
6428 0 1
6429 0 1
6430 0 1
6431 0 1
6432 0 1
6433 0 1
6434 0 1
6435 0 1
6436 0 1
6437 0 1
6438 0 1
6439 0 1
6440 0 1
6441 0 1
6442 0 1
6503 0 1
6504 0 1
6505 0 1
6506 0 1
6507 0 1
6508 0 1
6509 0 1
6510 0 1
6511 0 1
6512 0 1
6513 0 1
6514 0 1
6515 0 1
6516 0 1
6517 0 1
6518 0 1
6519 0 1
6520 0 1
6521 0 1
6522 0 1
6523 0 1
6524 0 1
6525 0 1
6526 0 1
6527 0 1
6528 0 1
6529 0 1
6530 0 1
6531 0 1
6532 0 1
6533 0 1
6534 0 1
6535 0 1
6536 0 1
6537 0 1
6538 0 1
6539 0 1
6540 0 1
6541 0 1
6542 0 1
6543 0 1
6544 0 1
6545 0 1
6546 0 1
6547 0 1
6548 0 1
6549 0 1
6550 0 1
6551 0 1
6552 0 1
6553 0 1
6554 0 1
6555 0 1
6556 0 1
6557 0 1
6558 0 1
6559 0 1
6560 0 1
6561 0 1
6562 0 1
6613 0 1
6614 0 1
6615 0 1
6616 0 1
6617 0 1
6618 0 1
6619 0 1
6620 0 1
6621 0 1
6622 0 1
6623 0 1
6624 0 1
6625 0 1
6626 0 1
6627 0 1
6628 0 1
6629 0 1
6630 0 1
6631 0 1
6632 0 1
6633 0 1
6634 0 1
6635 0 1
6636 0 1
6637 0 1
6638 0 1
6639 0 1
6640 0 1
6641 0 1
6642 0 1
6643 0 1
6644 0 1
6645 0 1
6646 0 1
6647 0 1
6648 0 1
6649 0 1
6650 0 1
6651 0 1
6652 0 1
6653 0 1
6654 0 1
6655 0 1
6656 0 1
6657 0 1
6658 0 1
6659 0 1
6660 0 1
6661 0 1
6662 0 1
6663 0 1
6664 0 1
6665 0 1
6666 0 1
6667 0 1
6668 0 1
6669 0 1
6670 0 1
6671 0 1
6672 0 1
6673 0 1
6674 0 1
6675 0 1
6676 0 1
6677 0 1
6678 0 1
6679 0 1
6680 0 1
6681 0 1
6682 0 1
6683 0 1
6684 0 1
6685 0 1
6686 0 1
6687 0 1
6688 0 1
6689 0 1
6690 0 1
6691 0 1
6692 0 1
6693 0 1
6694 0 1
6695 0 1
6696 0 1
6697 0 1
6698 0 1
6699 0 1
6700 0 1
6701 0 1
6702 0 1
6703 0 1
6704 0 1
6705 0 1
6706 0 1
6707 0 1
6708 0 1
6709 0 1
6710 0 1
6711 0 1
6712 0 1
6713 0 1
6714 0 1
6715 0 1
6716 0 1
6717 0 1
6718 0 1
6719 0 1
6720 0 1
6721 0 1
6722 0 1
6723 0 1
6724 0 1
6725 0 1
6726 0 1
6727 0 1
6728 0 1
6729 0 1
6730 0 1
6731 0 1
6732 1 1
6733 1 1
6734 1 1
6735 1 1
6736 1 1
6737 1 1
6738 1 1
6739 1 1
6740 1 1
6741 1 1
6742 1 1
6743 1 1
6744 1 1
6745 1 1
6746 1 1
6747 1 1
6748 1 1
6749 1 1
6750 1 1
6751 1 1
6752 1 1
6753 1 1
6754 1 1
6755 1 1
6756 1 1
6757 1 1
6758 1 1
6759 1 1
6760 1 1
6761 1 1
6762 1 1
6763 1 1
6764 1 1
6765 1 1
6766 1 1
6767 1 1
6768 1 1
6769 1 1
6770 1 1
6771 1 1
6772 1 1
6773 1 1
6774 1 1
6775 1 1
6776 1 1
6777 1 1
6778 1 1
6779 1 1
6780 1 1
6781 1 1
6782 1 1
6783 1 1
6784 1 1
6785 1 1
6786 1 1
6787 1 1
6788 1 1
6789 1 1
6790 1 1
6791 1 1
6792 1 1
6793 1 1
6794 1 1
6795 1 1
6796 1 1
6797 1 1
6798 1 1
6799 1 1
6800 1 1
6801 1 1
6802 1 1
6803 1 1
6804 1 1
6805 1 1
6806 1 1
6807 1 1
6808 1 1
6809 1 1
6810 1 1
6811 1 1
6812 1 1
6813 1 1
6814 1 1
6815 1 1
6816 1 1
6817 1 1
6818 1 1
6819 1 1
6820 1 1
6821 1 1
6822 1 1
6823 1 1
6824 1 1
6825 1 1
6826 1 1
6827 1 1
6828 1 1
6829 1 1
6830 1 1
6831 1 1
6832 1 1
6833 1 1
6834 1 1
6835 1 1
6836 1 1
6837 1 1
6838 1 1
6839 1 1
6840 1 1
6841 1 1
6842 1 1
6843 1 1
6844 1 1
6845 1 1
6846 1 1
6847 1 1
6848 1 1
6849 1 1
6850 1 1
6851 1 1
6852 1 1
6853 1 1
6854 1 1
6855 1 1
6856 1 1
6857 1 1
6858 1 1
6859 1 1
6860 1 1
6861 1 1
6862 1 1
6863 1 1
6864 1 1
6865 1 1
6866 1 1
6867 1 1
6868 1 1
6869 1 1
6870 1 1
6871 1 1
6872 1 1
6873 1 1
6874 1 1
6875 1 1
6876 1 1
6877 1 1
6878 1 1
6879 1 1
6880 1 1
6881 1 1
6882 1 1
6883 1 1
6884 1 1
6885 1 1
6886 1 1
6887 1 1
6888 1 1
6889 1 1
6890 1 1
6891 1 1
6892 1 1
6893 1 1
6894 1 1
6895 1 1
6896 1 1
6897 1 1
6898 1 1
6899 1 1
6900 1 1
6901 1 1
6902 1 1
6903 1 1
6904 1 1
6905 1 1
6906 1 1
6907 1 1
6908 1 1
6909 1 1
6910 1 1
6970 1 1
6971 1 1
6972 1 1
6973 1 1
6974 1 1
6975 1 1
6976 1 1
6977 1 1
6978 1 1
6979 1 1
6980 1 1
6981 1 1
6982 1 1
6983 1 1
6984 1 1
6985 1 1
6986 1 1
6987 1 1
6988 1 1
6989 1 1
6990 1 1
6991 1 1
6992 1 1
6993 1 1
6994 1 1
6995 1 1
6996 1 1
6997 1 1
6998 1 1
6999 1 1
7000 1 1
7001 1 1
7002 1 1
7003 1 1
7004 1 1
7005 1 1
7006 1 1
7007 1 1
7008 1 1
7009 1 1
7010 1 1
7011 1 1
7012 1 1
7013 1 1
7014 1 1
7015 1 1
7016 1 1
7017 1 1
7018 1 1
7019 1 1
7020 1 1
7021 1 1
7022 1 1
7023 1 1
7024 1 1
7025 1 1
7026 1 1
7027 1 1
7028 1 1
7029 1 1
7030 1 1
7031 1 1
7032 1 1
7033 1 1
7034 1 1
7035 1 1
7036 1 1
7037 1 1
7038 1 1
7039 1 1
7040 1 1
7041 1 1
7042 1 1
7043 1 1
7044 1 1
7045 1 1
7046 1 1
7047 1 1
7048 1 1
7049 1 1
7050 1 1
7051 1 1
7052 1 1
7053 1 1
7054 1 1
7055 1 1
7056 1 1
7057 1 1
7058 1 1
7059 1 1
7060 1 1
7061 1 1
7062 1 1
7063 1 1
7064 1 1
7065 1 1
7066 1 1
7067 1 1
7068 1 1
7069 1 1
7070 1 1
7071 1 1
7072 1 1
7073 1 1
7074 1 1
7075 1 1
7076 1 1
7077 1 1
7078 1 1
7079 1 1
7080 1 1
7081 1 1
7082 1 1
7083 1 1
7084 1 1
7085 1 1
7086 1 1
7087 1 1
7088 1 1
7089 1 1
7090 1 1
7091 1 1
7092 1 1
7093 1 1
7094 1 1
7095 1 1
7096 1 1
7097 1 1
7098 1 1
7099 1 1
7100 1 1
7101 1 1
7102 1 1
7103 1 1
7104 1 1
7105 1 1
7106 1 1
7107 1 1
7108 1 1
7109 1 1
7110 1 1
7111 1 1
7112 1 1
7113 1 1
7114 1 1
7115 1 1
7116 1 1
7117 1 1
7118 1 1
7119 1 1
7120 1 1
7121 1 1
7122 1 1
7123 1 1
7124 1 1
7125 1 1
7126 1 1
7127 1 1
7128 1 1
7129 1 1
7130 1 1
7131 1 1
7132 1 1
7133 1 1
7134 1 1
7135 1 1
7136 1 1
7137 1 1
7138 1 1
7139 1 1
7140 1 1
7141 1 1
7142 1 1
7143 1 1
7144 1 1
7145 1 1
7146 1 1
7147 1 1
7148 1 1
7149 1 1
7269 0 1
7270 0 1
7271 0 1
7272 0 1
7273 0 1
7274 0 1
7275 0 1
7276 0 1
7277 0 1
7278 0 1
7279 0 1
7280 0 1
7281 0 1
7282 0 1
7283 0 1
7284 0 1
7285 0 1
7286 0 1
7287 0 1
7288 0 1
7289 0 1
7290 0 1
7291 0 1
7292 0 1
7293 0 1
7294 0 1
7295 0 1
7296 0 1
7297 0 1
7298 0 1
7299 0 1
7300 0 1
7301 0 1
7302 0 1
7303 0 1
7304 0 1
7305 0 1
7306 0 1
7307 0 1
7308 0 1
7309 0 1
7310 0 1
7311 0 1
7312 0 1
7313 0 1
7314 0 1
7315 0 1
7316 0 1
7317 0 1
7318 0 1
7319 0 1
7320 0 1
7321 0 1
7322 0 1
7323 0 1
7324 0 1
7325 0 1
7326 0 1
7327 0 1
7328 0 1
7329 0 1
7330 0 1
7331 0 1
7332 0 1
7333 0 1
7334 0 1
7335 0 1
7336 0 1
7337 0 1
7338 0 1
7339 0 1
7340 0 1
7341 0 1
7342 0 1
7343 0 1
7344 0 1
7345 0 1
7346 0 1
7347 0 1
7348 0 1
7349 0 1
7350 0 1
7351 0 1
7352 0 1
7353 0 1
7354 0 1
7355 0 1
7356 0 1
7357 0 1
7358 0 1
7359 0 1
7360 0 1
7361 0 1
7362 0 1
7363 0 1
7364 0 1
7365 0 1
7366 0 1
7367 0 1
7368 0 1
7369 0 1
7370 0 1
7371 0 1
7372 0 1
7373 0 1
7374 0 1
7375 0 1
7376 0 1
7377 0 1
7378 0 1
7379 0 1
7380 0 1
7381 0 1
7382 0 1
7383 0 1
7384 0 1
7385 0 1
7386 0 1
7447 1 1
7448 1 1
7449 1 1
7450 1 1
7451 1 1
7452 1 1
7453 1 1
7454 1 1
7455 1 1
7456 1 1
7457 1 1
7458 1 1
7459 1 1
7460 1 1
7461 1 1
7462 1 1
7463 1 1
7464 1 1
7465 1 1
7466 1 1
7467 1 1
7468 1 1
7469 1 1
7470 1 1
7471 1 1
7472 1 1
7473 1 1
7474 1 1
7475 1 1
7476 1 1
7477 1 1
7478 1 1
7479 1 1
7480 1 1
7481 1 1
7482 1 1
7483 1 1
7484 1 1
7485 1 1
7486 1 1
7487 1 1
7488 1 1
7489 1 1
7490 1 1
7491 1 1
7492 1 1
7493 1 1
7494 1 1
7495 1 1
7496 1 1
7497 1 1
7498 1 1
7499 1 1
7500 1 1
7501 1 1
7502 1 1
7503 1 1
7504 1 1
7505 1 1
7506 1 1
7507 0 1
7508 0 1
7509 0 1
7510 0 1
7511 0 1
7512 0 1
7513 0 1
7514 0 1
7515 0 1
7516 0 1
7517 0 1
7518 0 1
7519 0 1
7520 0 1
7521 0 1
7522 0 1
7523 0 1
7524 0 1
7525 0 1
7526 0 1
7527 0 1
7528 0 1
7529 0 1
7530 0 1
7531 0 1
7532 0 1
7533 0 1
7534 0 1
7535 0 1
7536 0 1
7537 0 1
7538 0 1
7539 0 1
7540 0 1
7541 0 1
7542 0 1
7543 0 1
7544 0 1
7545 0 1
7546 0 1
7547 0 1
7548 0 1
7549 0 1
7550 0 1
7551 0 1
7552 0 1
7553 0 1
7554 0 1
7555 0 1
7556 0 1
7557 0 1
7558 0 1
7559 0 1
7560 0 1
7561 0 1
7562 0 1
7563 0 1
7564 0 1
7565 0 1
7566 0 1
7627 0 1
7628 0 1
7629 0 1
7630 0 1
7631 0 1
7632 0 1
7633 0 1
7634 0 1
7635 0 1
7636 0 1
7637 0 1
7638 0 1
7639 0 1
7640 0 1
7641 0 1
7642 0 1
7643 0 1
7644 0 1
7645 0 1
7646 0 1
7647 0 1
7648 0 1
7649 0 1
7650 0 1
7651 0 1
7652 0 1
7653 0 1
7654 0 1
7655 0 1
7656 0 1
7657 0 1
7658 0 1
7659 0 1
7660 0 1
7661 0 1
7662 0 1
7663 0 1
7664 0 1
7665 0 1
7666 0 1
7667 0 1
7668 0 1
7669 0 1
7670 0 1
7671 0 1
7672 0 1
7673 0 1
7674 0 1
7675 0 1
7676 0 1
7677 0 1
7678 0 1
7679 0 1
7680 0 1
7681 0 1
7682 0 1
7683 0 1
7684 0 1
7685 0 1
7686 0 1
7747 1 1
7748 1 1
7749 1 1
7750 1 1
7751 1 1
7752 1 1
7753 1 1
7754 1 1
7755 1 1
7756 1 1
7757 1 1
7758 1 1
7759 1 1
7760 1 1
7761 1 1
7762 1 1
7763 1 1
7764 1 1
7765 1 1
7766 1 1
7767 1 1
7768 1 1
7769 1 1
7770 1 1
7771 1 1
7772 1 1
7773 1 1
7774 1 1
7775 1 1
7776 1 1
7777 1 1
7778 1 1
7779 1 1
7780 1 1
7781 1 1
7782 1 1
7783 1 1
7784 1 1
7785 1 1
7786 1 1
7787 1 1
7788 1 1
7789 1 1
7790 1 1
7791 1 1
7792 1 1
7793 1 1
7794 1 1
7795 1 1
7796 1 1
7797 1 1
7798 1 1
7799 1 1
7800 1 1
7801 1 1
7802 1 1
7803 1 1
7804 1 1
7805 1 1
7806 1 1
7807 1 1
7808 1 1
7809 1 1
7810 1 1
7811 1 1
7812 1 1
7813 1 1
7814 1 1
7815 1 1
7816 1 1
7817 1 1
7818 1 1
7819 1 1
7820 1 1
7821 1 1
7822 1 1
7823 1 1
7824 1 1
7825 1 1
7826 1 1
7827 1 1
7828 1 1
7829 1 1
7830 1 1
7831 1 1
7832 1 1
7833 1 1
7834 1 1
7835 1 1
7836 1 1
7837 1 1
7838 1 1
7839 1 1
7840 1 1
7841 1 1
7842 1 1
7843 1 1
7844 1 1
7845 1 1
7846 1 1
7847 1 1
7848 1 1
7849 1 1
7850 1 1
7851 1 1
7852 1 1
7853 1 1
7854 1 1
7855 1 1
7856 1 1
7857 1 1
7858 1 1
7859 1 1
7860 1 1
7861 1 1
7862 1 1
7863 1 1
7864 1 1
7865 1 1
7866 1 1
7867 1 1
7868 1 1
7869 1 1
7870 1 1
7871 1 1
7872 1 1
7873 1 1
7874 1 1
7875 1 1
7876 1 1
7877 1 1
7878 1 1
7879 1 1
7880 1 1
7881 1 1
7882 1 1
7883 1 1
7884 1 1
7885 1 1
7886 1 1
7887 1 1
7888 1 1
7889 1 1
7890 1 1
7891 1 1
7892 1 1
7893 1 1
7894 1 1
7895 1 1
7896 1 1
7897 1 1
7898 1 1
7899 1 1
7900 1 1
7901 1 1
7902 1 1
7903 1 1
7904 1 1
7905 1 1
7906 1 1
7907 1 1
7908 1 1
7909 1 1
7910 1 1
7911 1 1
7912 1 1
7913 1 1
7914 1 1
7915 1 1
7916 1 1
7917 1 1
7918 1 1
7919 1 1
7920 1 1
7921 1 1
7922 1 1
7923 1 1
7924 1 1
7925 1 1
7986 1 1
7987 1 1
7988 1 1
7989 1 1
7990 1 1
7991 1 1
7992 1 1
7993 1 1
7994 1 1
7995 1 1
7996 1 1
7997 1 1
7998 1 1
7999 1 1
8000 1 1
8001 1 1
8002 1 1
8003 1 1
8004 1 1
8005 1 1
8006 1 1
8007 1 1
8008 1 1
8009 1 1
8010 1 1
8011 1 1
8012 1 1
8013 1 1
8014 1 1
8015 1 1
8016 1 1
8017 1 1
8018 1 1
8019 1 1
8020 1 1
8021 1 1
8022 1 1
8023 1 1
8024 1 1
8025 1 1
8026 1 1
8027 1 1
8028 1 1
8029 1 1
8030 1 1
8031 1 1
8032 1 1
8033 1 1
8034 1 1
8035 1 1
8036 1 1
8037 1 1
8038 1 1
8039 1 1
8040 1 1
8041 1 1
8042 1 1
8043 1 1
8044 1 1
8045 1 1
8166 1 1
8167 1 1
8168 1 1
8169 1 1
8170 1 1
8171 1 1
8172 1 1
8173 1 1
8174 1 1
8175 1 1
8176 1 1
8177 1 1
8178 1 1
8179 1 1
8180 1 1
8181 1 1
8182 1 1
8183 1 1
8184 1 1
8185 1 1
8186 1 1
8187 1 1
8188 1 1
8189 1 1
8190 1 1
8191 1 1
8192 1 1
8193 1 1
8194 1 1
8195 1 1
8196 1 1
8197 1 1
8198 1 1
8199 1 1
8200 1 1
8201 1 1
8202 1 1
8203 1 1
8204 1 1
8205 1 1
8206 1 1
8207 1 1
8208 1 1
8209 1 1
8210 1 1
8211 1 1
8212 1 1
8213 1 1
8214 1 1
8215 1 1
8216 1 1
8217 1 1
8218 1 1
8219 1 1
8220 1 1
8221 1 1
8222 1 1
8223 1 1
8224 1 1
8225 1 1
8226 1 1
8227 1 1
8228 1 1
8229 1 1
8230 1 1
8231 1 1
8232 1 1
8233 1 1
8234 1 1
8235 1 1
8236 1 1
8237 1 1
8238 1 1
8239 1 1
8240 1 1
8241 1 1
8242 1 1
8243 1 1
8244 1 1
8245 1 1
8246 1 1
8247 1 1
8248 1 1
8249 1 1
8250 1 1
8251 1 1
8252 1 1
8253 1 1
8254 1 1
8255 1 1
8256 1 1
8257 1 1
8258 1 1
8259 1 1
8260 1 1
8261 1 1
8262 1 1
8263 1 1
8264 1 1
8265 1 1
8266 1 1
8267 1 1
8268 1 1
8269 1 1
8270 1 1
8271 1 1
8272 1 1
8273 1 1
8274 1 1
8275 1 1
8276 1 1
8277 1 1
8278 1 1
8279 1 1
8280 1 1
8281 1 1
8282 1 1
8283 1 1
8284 0 1
8285 0 1
8286 0 1
8287 0 1
8288 0 1
8289 0 1
8290 0 1
8291 0 1
8292 0 1
8293 0 1
8294 0 1
8295 0 1
8296 0 1
8297 0 1
8298 0 1
8299 0 1
8300 0 1
8301 0 1
8302 0 1
8303 0 1
8304 0 1
8305 0 1
8306 0 1
8307 0 1
8308 0 1
8309 0 1
8310 0 1
8311 0 1
8312 0 1
8313 0 1
8314 0 1
8315 0 1
8316 0 1
8317 0 1
8318 0 1
8319 0 1
8320 0 1
8321 0 1
8322 0 1
8323 0 1
8324 0 1
8325 0 1
8326 0 1
8327 0 1
8328 0 1
8329 0 1
8330 0 1
8331 0 1
8332 0 1
8333 0 1
8334 0 1
8335 0 1
8336 0 1
8337 0 1
8338 0 1
8339 0 1
8340 0 1
8341 0 1
8342 0 1
8343 0 1
8404 0 1
8405 0 1
8406 0 1
8407 0 1
8408 0 1
8409 0 1
8410 0 1
8411 0 1
8412 0 1
8413 0 1
8414 0 1
8415 0 1
8416 0 1
8417 0 1
8418 0 1
8419 0 1
8420 0 1
8421 0 1
8422 0 1
8423 0 1
8424 0 1
8425 0 1
8426 0 1
8427 0 1
8428 0 1
8429 0 1
8430 0 1
8431 0 1
8432 0 1
8433 0 1
8434 0 1
8435 0 1
8436 0 1
8437 0 1
8438 0 1
8439 0 1
8440 0 1
8441 0 1
8442 0 1
8443 0 1
8444 0 1
8445 0 1
8446 0 1
8447 0 1
8448 0 1
8449 0 1
8450 0 1
8451 0 1
8452 0 1
8453 0 1
8454 0 1
8455 0 1
8456 0 1
8457 0 1
8458 0 1
8459 0 1
8460 0 1
8461 0 1
8462 0 1
8463 0 1
8464 1 1
8465 1 1
8466 1 1
8467 1 1
8468 1 1
8469 1 1
8470 1 1
8471 1 1
8472 1 1
8473 1 1
8474 1 1
8475 1 1
8476 1 1
8477 1 1
8478 1 1
8479 1 1
8480 1 1
8481 1 1
8482 1 1
8483 1 1
8484 1 1
8485 1 1
8486 1 1
8487 1 1
8488 1 1
8489 1 1
8490 1 1
8491 1 1
8492 1 1
8493 1 1
8494 1 1
8495 1 1
8496 1 1
8497 1 1
8498 1 1
8499 1 1
8500 1 1
8501 1 1
8502 1 1
8503 1 1
8504 1 1
8505 1 1
8506 1 1
8507 1 1
8508 1 1
8509 1 1
8510 1 1
8511 1 1
8512 1 1
8513 1 1
8514 1 1
8515 1 1
8516 1 1
8517 1 1
8518 1 1
8519 1 1
8520 1 1
8521 1 1
8522 1 1
8523 1 1
8524 1 1
8525 1 1
8526 1 1
8527 1 1
8528 1 1
8529 1 1
8530 1 1
8531 1 1
8532 1 1
8533 1 1
8534 1 1
8535 1 1
8536 1 1
8537 1 1
8538 1 1
8539 1 1
8540 1 1
8541 1 1
8542 1 1
8543 1 1
8544 1 1
8545 1 1
8546 1 1
8547 1 1
8548 1 1
8549 1 1
8550 1 1
8551 1 1
8552 1 1
8553 1 1
8554 1 1
8555 1 1
8556 1 1
8557 1 1
8558 1 1
8559 1 1
8560 1 1
8561 1 1
8562 1 1
8563 1 1
8564 1 1
8565 1 1
8566 1 1
8567 1 1
8568 1 1
8569 1 1
8570 1 1
8571 1 1
8572 1 1
8573 1 1
8574 1 1
8575 1 1
8576 1 1
8577 1 1
8578 1 1
8579 1 1
8580 1 1
8581 1 1
8582 1 1
8583 1 1
8584 0 1
8585 0 1
8586 0 1
8587 0 1
8588 0 1
8589 0 1
8590 0 1
8591 0 1
8592 0 1
8593 0 1
8594 0 1
8595 0 1
8596 0 1
8597 0 1
8598 0 1
8599 0 1
8600 0 1
8601 0 1
8602 0 1
8603 0 1
8604 0 1
8605 0 1
8606 0 1
8607 0 1
8608 0 1
8609 0 1
8610 0 1
8611 0 1
8612 0 1
8613 0 1
8614 0 1
8615 0 1
8616 0 1
8617 0 1
8618 0 1
8619 0 1
8620 0 1
8621 0 1
8622 0 1
8623 0 1
8624 0 1
8625 0 1
8626 0 1
8627 0 1
8628 0 1
8629 0 1
8630 0 1
8631 0 1
8632 0 1
8633 0 1
8634 0 1
8635 0 1
8636 0 1
8637 0 1
8638 0 1
8639 0 1
8640 0 1
8641 0 1
8642 0 1
8643 0 1
8704 1 1
8705 1 1
8706 1 1
8707 1 1
8708 1 1
8709 1 1
8710 1 1
8711 1 1
8712 1 1
8713 1 1
8714 1 1
8715 1 1
8716 1 1
8717 1 1
8718 1 1
8719 1 1
8720 1 1
8721 1 1
8722 1 1
8723 1 1
8724 1 1
8725 1 1
8726 1 1
8727 1 1
8728 1 1
8729 1 1
8730 1 1
8731 1 1
8732 1 1
8733 1 1
8734 1 1
8735 1 1
8736 1 1
8737 1 1
8738 1 1
8739 1 1
8740 1 1
8741 1 1
8742 1 1
8743 1 1
8744 1 1
8745 1 1
8746 1 1
8747 1 1
8748 1 1
8749 1 1
8750 1 1
8751 1 1
8752 1 1
8753 1 1
8754 1 1
8755 1 1
8756 1 1
8757 1 1
8758 1 1
8759 1 1
8760 1 1
8761 1 1
8762 1 1
8763 1 1
8764 1 1
8765 1 1
8766 1 1
8767 1 1
8768 1 1
8769 1 1
8770 1 1
8771 1 1
8772 1 1
8773 1 1
8774 1 1
8775 1 1
8776 1 1
8777 1 1
8778 1 1
8779 1 1
8780 1 1
8781 1 1
8782 1 1
8783 1 1
8784 1 1
8785 1 1
8786 1 1
8787 1 1
8788 1 1
8789 1 1
8790 1 1
8791 1 1
8792 1 1
8793 1 1
8794 1 1
8795 1 1
8796 1 1
8797 1 1
8798 1 1
8799 1 1
8800 1 1
8801 1 1
8802 1 1
8803 1 1
8804 1 1
8805 1 1
8806 1 1
8807 1 1
8808 1 1
8809 1 1
8810 1 1
8811 1 1
8812 1 1
8813 1 1
8814 1 1
8815 1 1
8816 1 1
8817 1 1
8818 1 1
8819 1 1
8820 1 1
8821 1 1
8822 1 1
8823 1 1
8824 1 1
8825 1 1
8826 1 1
8827 1 1
8828 1 1
8829 1 1
8830 1 1
8831 1 1
8832 1 1
8833 1 1
8834 1 1
8835 1 1
8836 1 1
8837 1 1
8838 1 1
8839 1 1
8840 1 1
8841 1 1
8842 1 1
8843 1 1
8844 1 1
8845 1 1
8846 1 1
8847 1 1
8848 1 1
8849 1 1
8850 1 1
8851 1 1
8852 1 1
8853 1 1
8854 1 1
8855 1 1
8856 1 1
8857 1 1
8858 1 1
8859 1 1
8860 1 1
8861 1 1
8862 1 1
8863 1 1
8864 1 1
8865 1 1
8866 1 1
8867 1 1
8868 1 1
8869 1 1
8870 1 1
8871 1 1
8872 1 1
8873 1 1
8874 1 1
8875 1 1
8876 1 1
8877 1 1
8878 1 1
8879 1 1
8880 1 1
8881 1 1
8882 1 1
8883 1 1
8884 1 1
8885 1 1
8886 1 1
8887 1 1
8888 1 1
8889 1 1
8890 1 1
8891 1 1
8892 1 1
8893 1 1
8894 1 1
8895 1 1
8896 1 1
8897 1 1
8898 1 1
8899 1 1
8900 1 1
8901 1 1
8902 1 1
8903 1 1
8904 1 1
8905 1 1
8906 1 1
8907 1 1
8908 1 1
8909 1 1
8910 1 1
8911 1 1
8912 1 1
8913 1 1
8914 1 1
8915 1 1
8916 1 1
8917 1 1
8918 1 1
8919 1 1
8920 1 1
8921 1 1
8922 1 1
8923 1 1
8924 1 1
8925 1 1
8926 1 1
8927 1 1
8928 1 1
8929 1 1
8930 1 1
8931 1 1
8932 1 1
8933 1 1
8934 0 1
8935 0 1
8936 0 1
8937 0 1
8938 0 1
8939 0 1
8940 0 1
8941 0 1
8942 0 1
8943 0 1
8944 0 1
8945 0 1
8946 0 1
8947 0 1
8948 0 1
8949 0 1
8950 0 1
8951 0 1
8952 0 1
8953 0 1
8954 0 1
8955 0 1
8956 0 1
8957 0 1
8958 0 1
8959 0 1
8960 0 1
8961 0 1
8962 0 1
8963 0 1
8964 0 1
8965 0 1
8966 0 1
8967 0 1
8968 0 1
8969 0 1
8970 0 1
8971 0 1
8972 0 1
8973 0 1
8974 0 1
8975 0 1
8976 0 1
8977 0 1
8978 0 1
8979 0 1
8980 0 1
8981 0 1
8982 0 1
8983 0 1
8984 0 1
8985 0 1
8986 0 1
8987 0 1
8988 0 1
8989 0 1
8990 0 1
8991 0 1
8992 0 1
8993 1 1
8994 1 1
8995 1 1
8996 1 1
8997 1 1
8998 1 1
8999 1 1
9000 1 1
9001 1 1
9002 1 1
9003 1 1
9004 1 1
9005 1 1
9006 1 1
9007 1 1
9008 1 1
9009 1 1
9010 1 1
9011 1 1
9012 1 1
9013 1 1
9014 1 1
9015 1 1
9016 1 1
9017 1 1
9018 1 1
9019 1 1
9020 1 1
9021 1 1
9022 1 1
9023 1 1
9024 1 1
9025 1 1
9026 1 1
9027 1 1
9028 1 1
9029 1 1
9030 1 1
9031 1 1
9032 1 1
9033 1 1
9034 1 1
9035 1 1
9036 1 1
9037 1 1
9038 1 1
9039 1 1
9040 1 1
9041 1 1
9042 1 1
9043 1 1
9044 1 1
9045 1 1
9046 1 1
9047 1 1
9048 1 1
9049 1 1
9050 1 1
9051 1 1
9052 1 1
9053 0 1
9054 0 1
9055 0 1
9056 0 1
9057 0 1
9058 0 1
9059 0 1
9060 0 1
9061 0 1
9062 0 1
9063 0 1
9064 0 1
9065 0 1
9066 0 1
9067 0 1
9068 0 1
9069 0 1
9070 0 1
9071 0 1
9072 0 1
9073 0 1
9074 0 1
9075 0 1
9076 0 1
9077 0 1
9078 0 1
9079 0 1
9080 0 1
9081 0 1
9082 0 1
9083 0 1
9084 0 1
9085 0 1
9086 0 1
9087 0 1
9088 0 1
9089 0 1
9090 0 1
9091 0 1
9092 0 1
9093 0 1
9094 0 1
9095 0 1
9096 0 1
9097 0 1
9098 0 1
9099 0 1
9100 0 1
9101 0 1
9102 0 1
9103 0 1
9104 0 1
9105 0 1
9106 0 1
9107 0 1
9108 0 1
9109 0 1
9110 0 1
9111 0 1
9112 0 1
9232 1 1
9233 1 1
9234 1 1
9235 1 1
9236 1 1
9237 1 1
9238 1 1
9239 1 1
9240 1 1
9241 1 1
9242 1 1
9243 1 1
9244 1 1
9245 1 1
9246 1 1
9247 1 1
9248 1 1
9249 1 1
9250 1 1
9251 1 1
9252 1 1
9253 1 1
9254 1 1
9255 1 1
9256 1 1
9257 1 1
9258 1 1
9259 1 1
9260 1 1
9261 1 1
9262 1 1
9263 1 1
9264 1 1
9265 1 1
9266 1 1
9267 1 1
9268 1 1
9269 1 1
9270 1 1
9271 1 1
9272 1 1
9273 1 1
9274 1 1
9275 1 1
9276 1 1
9277 1 1
9278 1 1
9279 1 1
9280 1 1
9281 1 1
9282 1 1
9283 1 1
9284 1 1
9285 1 1
9286 1 1
9287 1 1
9288 1 1
9289 1 1
9290 1 1
9291 1 1
9292 1 1
9293 1 1
9294 1 1
9295 1 1
9296 1 1
9297 1 1
9298 1 1
9299 1 1
9300 1 1
9301 1 1
9302 1 1
9303 1 1
9304 1 1
9305 1 1
9306 1 1
9307 1 1
9308 1 1
9309 1 1
9310 1 1
9311 1 1
9312 1 1
9313 1 1
9314 1 1
9315 1 1
9316 1 1
9317 1 1
9318 1 1
9319 1 1
9320 1 1
9321 1 1
9322 1 1
9323 1 1
9324 1 1
9325 1 1
9326 1 1
9327 1 1
9328 1 1
9329 1 1
9330 1 1
9331 1 1
9332 1 1
9333 1 1
9334 1 1
9335 1 1
9336 1 1
9337 1 1
9338 1 1
9339 1 1
9340 1 1
9341 1 1
9342 1 1
9343 1 1
9344 1 1
9345 1 1
9346 1 1
9347 1 1
9348 1 1
9349 1 1
9350 1 1
9351 1 1
9352 0 1
9353 0 1
9354 0 1
9355 0 1
9356 0 1
9357 0 1
9358 0 1
9359 0 1
9360 0 1
9361 0 1
9362 0 1
9363 0 1
9364 0 1
9365 0 1
9366 0 1
9367 0 1
9368 0 1
9369 0 1
9370 0 1
9371 0 1
9372 0 1
9373 0 1
9374 0 1
9375 0 1
9376 0 1
9377 0 1
9378 0 1
9379 0 1
9380 0 1
9381 0 1
9382 0 1
9383 0 1
9384 0 1
9385 0 1
9386 0 1
9387 0 1
9388 0 1
9389 0 1
9390 0 1
9391 0 1
9392 0 1
9393 0 1
9394 0 1
9395 0 1
9396 0 1
9397 0 1
9398 0 1
9399 0 1
9400 0 1
9401 0 1
9402 0 1
9403 0 1
9404 0 1
9405 0 1
9406 0 1
9407 0 1
9408 0 1
9409 0 1
9410 0 1
9471 1 1
9472 1 1
9473 1 1
9474 1 1
9475 1 1
9476 1 1
9477 1 1
9478 1 1
9479 1 1
9480 1 1
9481 1 1
9482 1 1
9483 1 1
9484 1 1
9485 1 1
9486 1 1
9487 1 1
9488 1 1
9489 1 1
9490 1 1
9491 1 1
9492 1 1
9493 1 1
9494 1 1
9495 1 1
9496 1 1
9497 1 1
9498 1 1
9499 1 1
9500 1 1
9501 1 1
9502 1 1
9503 1 1
9504 1 1
9505 1 1
9506 1 1
9507 1 1
9508 1 1
9509 1 1
9510 1 1
9511 1 1
9512 1 1
9513 1 1
9514 1 1
9515 1 1
9516 1 1
9517 1 1
9518 1 1
9519 1 1
9520 1 1
9521 1 1
9522 1 1
9523 1 1
9524 1 1
9525 1 1
9526 1 1
9527 1 1
9528 1 1
9529 1 1
9530 1 1
9711 0 1
9712 0 1
9713 0 1
9714 0 1
9715 0 1
9716 0 1
9717 0 1
9718 0 1
9719 0 1
9720 0 1
9721 0 1
9722 0 1
9723 0 1
9724 0 1
9725 0 1
9726 0 1
9727 0 1
9728 0 1
9729 0 1
9730 0 1
9731 0 1
9732 0 1
9733 0 1
9734 0 1
9735 0 1
9736 0 1
9737 0 1
9738 0 1
9739 0 1
9740 0 1
9741 0 1
9742 0 1
9743 0 1
9744 0 1
9745 0 1
9746 0 1
9747 0 1
9748 0 1
9749 0 1
9750 0 1
9751 0 1
9752 0 1
9753 0 1
9754 0 1
9755 0 1
9756 0 1
9757 0 1
9758 0 1
9759 0 1
9760 0 1
9761 0 1
9762 0 1
9763 0 1
9764 0 1
9765 0 1
9766 0 1
9767 0 1
9768 0 1
9769 0 1
9770 1 1
9771 1 1
9772 1 1
9773 1 1
9774 1 1
9775 1 1
9776 1 1
9777 1 1
9778 1 1
9779 1 1
9780 1 1
9781 1 1
9782 1 1
9783 1 1
9784 1 1
9785 1 1
9786 1 1
9787 1 1
9788 1 1
9789 1 1
9790 1 1
9791 1 1
9792 1 1
9793 1 1
9794 1 1
9795 1 1
9796 1 1
9797 1 1
9798 1 1
9799 1 1
9800 1 1
9801 1 1
9802 1 1
9803 1 1
9804 1 1
9805 1 1
9806 1 1
9807 1 1
9808 1 1
9809 1 1
9810 1 1
9811 1 1
9812 1 1
9813 1 1
9814 1 1
9815 1 1
9816 1 1
9817 1 1
9818 1 1
9819 1 1
9820 1 1
9821 1 1
9822 1 1
9823 1 1
9824 1 1
9825 1 1
9826 1 1
9827 1 1
9828 1 1
9829 1 1
9948 1 1
9949 1 1
9950 1 1
9951 1 1
9952 1 1
9953 1 1
9954 1 1
9955 1 1
9956 1 1
9957 1 1
9958 1 1
9959 1 1
9960 1 1
9961 1 1
9962 1 1
9963 1 1
9964 1 1
9965 1 1
9966 1 1
9967 1 1
9968 1 1
9969 1 1
9970 1 1
9971 1 1
9972 1 1
9973 1 1
9974 1 1
9975 1 1
9976 1 1
9977 1 1
9978 1 1
9979 1 1
9980 1 1
9981 1 1
9982 1 1
9983 1 1
9984 1 1
9985 1 1
9986 1 1
9987 1 1
9988 1 1
9989 1 1
9990 1 1
9991 1 1
9992 1 1
9993 1 1
9994 1 1
9995 1 1
9996 1 1
9997 1 1
9998 1 1
9999 1 1
10000 1 1
10001 1 1
10002 1 1
10003 1 1
10004 1 1
10005 1 1
10006 1 1
10007 1 1
10008 0 1
10009 0 1
10010 0 1
10011 0 1
10012 0 1
10013 0 1
10014 0 1
10015 0 1
10016 0 1
10017 0 1
10018 0 1
10019 0 1
10020 0 1
10021 0 1
10022 0 1
10023 0 1
10024 0 1
10025 0 1
10026 0 1
10027 0 1
10028 0 1
10029 0 1
10030 0 1
10031 0 1
10032 0 1
10033 0 1
10034 0 1
10035 0 1
10036 0 1
10037 0 1
10038 0 1
10039 0 1
10040 0 1
10041 0 1
10042 0 1
10043 0 1
10044 0 1
10045 0 1
10046 0 1
10047 0 1
10048 0 1
10049 0 1
10050 0 1
10051 0 1
10052 0 1
10053 0 1
10054 0 1
10055 0 1
10056 0 1
10057 0 1
10058 0 1
10059 0 1
10060 0 1
10061 0 1
10062 0 1
10063 0 1
10064 0 1
10065 0 1
10066 0 1
10067 0 1
10068 1 1
10069 1 1
10070 1 1
10071 1 1
10072 1 1
10073 1 1
10074 1 1
10075 1 1
10076 1 1
10077 1 1
10078 1 1
10079 1 1
10080 1 1
10081 1 1
10082 1 1
10083 1 1
10084 1 1
10085 1 1
10086 1 1
10087 1 1
10088 1 1
10089 1 1
10090 1 1
10091 1 1
10092 1 1
10093 1 1
10094 1 1
10095 1 1
10096 1 1
10097 1 1
10098 1 1
10099 1 1
10100 1 1
10101 1 1
10102 1 1
10103 1 1
10104 1 1
10105 1 1
10106 1 1
10107 1 1
10108 1 1
10109 1 1
10110 1 1
10111 1 1
10112 1 1
10113 1 1
10114 1 1
10115 1 1
10116 1 1
10117 1 1
10118 1 1
10119 1 1
10120 1 1
10121 1 1
10122 1 1
10123 1 1
10124 1 1
10125 1 1
10126 1 1
10127 1 1
10188 1 1
10189 1 1
10190 1 1
10191 1 1
10192 1 1
10193 1 1
10194 1 1
10195 1 1
10196 1 1
10197 1 1
10198 1 1
10199 1 1
10200 1 1
10201 1 1
10202 1 1
10203 1 1
10204 1 1
10205 1 1
10206 1 1
10207 1 1
10208 1 1
10209 1 1
10210 1 1
10211 1 1
10212 1 1
10213 1 1
10214 1 1
10215 1 1
10216 1 1
10217 1 1
10218 1 1
10219 1 1
10220 1 1
10221 1 1
10222 1 1
10223 1 1
10224 1 1
10225 1 1
10226 1 1
10227 1 1
10228 1 1
10229 1 1
10230 1 1
10231 1 1
10232 1 1
10233 1 1
10234 1 1
10235 1 1
10236 1 1
10237 1 1
10238 1 1
10239 1 1
10240 1 1
10241 1 1
10242 1 1
10243 1 1
10244 1 1
10245 1 1
10246 1 1
10247 1 1
10248 0 1
10249 0 1
10250 0 1
10251 0 1
10252 0 1
10253 0 1
10254 0 1
10255 0 1
10256 0 1
10257 0 1
10258 0 1
10259 0 1
10260 0 1
10261 0 1
10262 0 1
10263 0 1
10264 0 1
10265 0 1
10266 0 1
10267 0 1
10268 0 1
10269 0 1
10270 0 1
10271 0 1
10272 0 1
10273 0 1
10274 0 1
10275 0 1
10276 0 1
10277 0 1
10278 0 1
10279 0 1
10280 0 1
10281 0 1
10282 0 1
10283 0 1
10284 0 1
10285 0 1
10286 0 1
10287 0 1
10288 0 1
10289 0 1
10290 0 1
10291 0 1
10292 0 1
10293 0 1
10294 0 1
10295 0 1
10296 0 1
10297 0 1
10298 0 1
10299 0 1
10300 0 1
10301 0 1
10302 0 1
10303 0 1
10304 0 1
10305 0 1
10306 0 1
10307 0 1
10308 1 1
10309 1 1
10310 1 1
10311 1 1
10312 1 1
10313 1 1
10314 1 1
10315 1 1
10316 1 1
10317 1 1
10318 1 1
10319 1 1
10320 1 1
10321 1 1
10322 1 1
10323 1 1
10324 1 1
10325 1 1
10326 1 1
10327 1 1
10328 1 1
10329 1 1
10330 1 1
10331 1 1
10332 1 1
10333 1 1
10334 1 1
10335 1 1
10336 1 1
10337 1 1
10338 1 1
10339 1 1
10340 1 1
10341 1 1
10342 1 1
10343 1 1
10344 1 1
10345 1 1
10346 1 1
10347 1 1
10348 1 1
10349 1 1
10350 1 1
10351 1 1
10352 1 1
10353 1 1
10354 1 1
10355 1 1
10356 1 1
10357 1 1
10358 1 1
10359 1 1
10360 1 1
10361 1 1
10362 1 1
10363 1 1
10364 1 1
10365 1 1
10366 1 1
10367 1 1
10368 1 1
10369 1 1
10370 1 1
10371 1 1
10372 1 1
10373 1 1
10374 1 1
10375 1 1
10376 1 1
10377 1 1
10378 1 1
10379 1 1
10380 1 1
10381 1 1
10382 1 1
10383 1 1
10384 1 1
10385 1 1
10386 1 1
10387 1 1
10388 1 1
10389 1 1
10390 1 1
10391 1 1
10392 1 1
10393 1 1
10394 1 1
10395 1 1
10396 1 1
10397 1 1
10398 1 1
10399 1 1
10400 1 1
10401 1 1
10402 1 1
10403 1 1
10404 1 1
10405 1 1
10406 1 1
10407 1 1
10408 1 1
10409 1 1
10410 1 1
10411 1 1
10412 1 1
10413 1 1
10414 1 1
10415 1 1
10416 1 1
10417 1 1
10418 1 1
10419 1 1
10420 1 1
10421 1 1
10422 1 1
10423 1 1
10424 1 1
10425 1 1
10426 1 1
10427 1 1
10428 1 1
10429 1 1
10430 1 1
10431 1 1
10432 1 1
10433 1 1
10434 1 1
10435 1 1
10436 1 1
10437 1 1
10438 1 1
10439 1 1
10440 1 1
10441 1 1
10442 1 1
10443 1 1
10444 1 1
10445 1 1
10446 1 1
10447 1 1
10448 1 1
10449 1 1
10450 1 1
10451 1 1
10452 1 1
10453 1 1
10454 1 1
10455 1 1
10456 1 1
10457 1 1
10458 1 1
10459 1 1
10460 1 1
10461 1 1
10462 1 1
10463 1 1
10464 1 1
10465 1 1
10466 1 1
10467 1 1
10468 1 1
10469 1 1
10470 1 1
10471 1 1
10472 1 1
10473 1 1
10474 1 1
10475 1 1
10476 1 1
10477 1 1
10478 1 1
10479 1 1
10480 1 1
10481 1 1
10482 1 1
10483 1 1
10484 0 1
10485 0 1
10486 0 1
10487 0 1
10488 0 1
10489 0 1
10490 0 1
10491 0 1
10492 0 1
10493 0 1
10494 0 1
10495 0 1
10496 0 1
10497 0 1
10498 0 1
10499 0 1
10500 0 1
10501 0 1
10502 0 1
10503 0 1
10504 0 1
10505 0 1
10506 0 1
10507 0 1
10508 0 1
10509 0 1
10510 0 1
10511 0 1
10512 0 1
10513 0 1
10514 0 1
10515 0 1
10516 0 1
10517 0 1
10518 0 1
10519 0 1
10520 0 1
10521 0 1
10522 0 1
10523 0 1
10524 0 1
10525 0 1
10526 0 1
10527 0 1
10528 0 1
10529 0 1
10530 0 1
10531 0 1
10532 0 1
10533 0 1
10534 0 1
10535 0 1
10536 0 1
10537 0 1
10538 0 1
10539 0 1
10540 0 1
10541 0 1
10542 0 1
10603 0 1
10604 0 1
10605 0 1
10606 0 1
10607 0 1
10608 0 1
10609 0 1
10610 0 1
10611 0 1
10612 0 1
10613 0 1
10614 0 1
10615 0 1
10616 0 1
10617 0 1
10618 0 1
10619 0 1
10620 0 1
10621 0 1
10622 0 1
10623 0 1
10624 0 1
10625 0 1
10626 0 1
10627 0 1
10628 0 1
10629 0 1
10630 0 1
10631 0 1
10632 0 1
10633 0 1
10634 0 1
10635 0 1
10636 0 1
10637 0 1
10638 0 1
10639 0 1
10640 0 1
10641 0 1
10642 0 1
10643 0 1
10644 0 1
10645 0 1
10646 0 1
10647 0 1
10648 0 1
10649 0 1
10650 0 1
10651 0 1
10652 0 1
10653 0 1
10654 0 1
10655 0 1
10656 0 1
10657 0 1
10658 0 1
10659 0 1
10660 0 1
10661 0 1
10662 1 1
10663 1 1
10664 1 1
10665 1 1
10666 1 1
10667 1 1
10668 1 1
10669 1 1
10670 1 1
10671 1 1
10672 1 1
10673 1 1
10674 1 1
10675 1 1
10676 1 1
10677 1 1
10678 1 1
10679 1 1
10680 1 1
10681 1 1
10682 1 1
10683 1 1
10684 1 1
10685 1 1
10686 1 1
10687 1 1
10688 1 1
10689 1 1
10690 1 1
10691 1 1
10692 1 1
10693 1 1
10694 1 1
10695 1 1
10696 1 1
10697 1 1
10698 1 1
10699 1 1
10700 1 1
10701 1 1
10702 1 1
10703 1 1
10704 1 1
10705 1 1
10706 1 1
10707 1 1
10708 1 1
10709 1 1
10710 1 1
10711 1 1
10712 1 1
10713 1 1
10714 1 1
10715 1 1
10716 1 1
10717 1 1
10718 1 1
10719 1 1
10720 1 1
10721 1 1
10722 1 1
10723 1 1
10724 1 1
10725 1 1
10726 1 1
10727 1 1
10728 1 1
10729 1 1
10730 1 1
10731 1 1
10732 1 1
10733 1 1
10734 1 1
10735 1 1
10736 1 1
10737 1 1
10738 1 1
10739 1 1
10740 1 1
10741 1 1
10742 1 1
10743 1 1
10744 1 1
10745 1 1
10746 1 1
10747 1 1
10748 1 1
10749 1 1
10750 1 1
10751 1 1
10752 1 1
10753 1 1
10754 1 1
10755 1 1
10756 1 1
10757 1 1
10758 1 1
10759 1 1
10760 1 1
10761 1 1
10762 1 1
10763 1 1
10764 1 1
10765 1 1
10766 1 1
10767 1 1
10768 1 1
10769 1 1
10770 1 1
10771 1 1
10772 1 1
10773 1 1
10774 1 1
10775 1 1
10776 1 1
10777 1 1
10778 1 1
10779 1 1
10780 1 1
10781 1 1
10782 0 1
10783 0 1
10784 0 1
10785 0 1
10786 0 1
10787 0 1
10788 0 1
10789 0 1
10790 0 1
10791 0 1
10792 0 1
10793 0 1
10794 0 1
10795 0 1
10796 0 1
10797 0 1
10798 0 1
10799 0 1
10800 0 1
10801 0 1
10802 0 1
10803 0 1
10804 0 1
10805 0 1
10806 0 1
10807 0 1
10808 0 1
10809 0 1
10810 0 1
10811 0 1
10812 0 1
10813 0 1
10814 0 1
10815 0 1
10816 0 1
10817 0 1
10818 0 1
10819 0 1
10820 0 1
10821 0 1
10822 0 1
10823 0 1
10824 0 1
10825 0 1
10826 0 1
10827 0 1
10828 0 1
10829 0 1
10830 0 1
10831 0 1
10832 0 1
10833 0 1
10834 0 1
10835 0 1
10836 0 1
10837 0 1
10838 0 1
10839 0 1
10840 0 1
10841 0 1
10842 1 1
10843 1 1
10844 1 1
10845 1 1
10846 1 1
10847 1 1
10848 1 1
10849 1 1
10850 1 1
10851 1 1
10852 1 1
10853 1 1
10854 1 1
10855 1 1
10856 1 1
10857 1 1
10858 1 1
10859 1 1
10860 1 1
10861 1 1
10862 1 1
10863 1 1
10864 1 1
10865 1 1
10866 1 1
10867 1 1
10868 1 1
10869 1 1
10870 1 1
10871 1 1
10872 1 1
10873 1 1
10874 1 1
10875 1 1
10876 1 1
10877 1 1
10878 1 1
10879 1 1
10880 1 1
10881 1 1
10882 1 1
10883 1 1
10884 1 1
10885 1 1
10886 1 1
10887 1 1
10888 1 1
10889 1 1
10890 1 1
10891 1 1
10892 1 1
10893 1 1
10894 1 1
10895 1 1
10896 1 1
10897 1 1
10898 1 1
10899 1 1
10900 1 1
10901 1 1
10902 1 1
10903 1 1
10904 1 1
10905 1 1
10906 1 1
10907 1 1
10908 1 1
10909 1 1
10910 1 1
10911 1 1
10912 1 1
10913 1 1
10914 1 1
10915 1 1
10916 1 1
10917 1 1
10918 1 1
10919 1 1
10920 1 1
10921 1 1
10922 1 1
10923 1 1
10924 1 1
10925 1 1
10926 1 1
10927 1 1
10928 1 1
10929 1 1
10930 1 1
10931 1 1
10932 1 1
10933 1 1
10934 1 1
10935 1 1
10936 1 1
10937 1 1
10938 1 1
10939 1 1
10940 1 1
10941 1 1
10942 1 1
10943 1 1
10944 1 1
10945 1 1
10946 1 1
10947 1 1
10948 1 1
10949 1 1
10950 1 1
10951 1 1
10952 1 1
10953 1 1
10954 1 1
10955 1 1
10956 1 1
10957 1 1
10958 1 1
10959 1 1
10960 1 1
10961 1 1
10962 0 1
10963 0 1
10964 0 1
10965 0 1
10966 0 1
10967 0 1
10968 0 1
10969 0 1
10970 0 1
10971 0 1
10972 0 1
10973 0 1
10974 0 1
10975 0 1
10976 0 1
10977 0 1
10978 0 1
10979 0 1
10980 0 1
10981 0 1
10982 0 1
10983 0 1
10984 0 1
10985 0 1
10986 0 1
10987 0 1
10988 0 1
10989 0 1
10990 0 1
10991 0 1
10992 0 1
10993 0 1
10994 0 1
10995 0 1
10996 0 1
10997 0 1
10998 0 1
10999 0 1
11000 0 1
11001 0 1
11002 0 1
11003 0 1
11004 0 1
11005 0 1
11006 0 1
11007 0 1
11008 0 1
11009 0 1
11010 0 1
11011 0 1
11072 1 1
11073 1 1
11074 1 1
11075 1 1
11076 1 1
11077 1 1
11078 1 1
11079 1 1
11080 1 1
11081 1 1
11082 1 1
11083 1 1
11084 1 1
11085 1 1
11086 1 1
11087 1 1
11088 1 1
11089 1 1
11090 1 1
11091 1 1
11092 1 1
11093 1 1
11094 1 1
11095 1 1
11096 1 1
11097 1 1
11098 1 1
11099 1 1
11100 1 1
11101 1 1
11102 1 1
11103 1 1
11104 1 1
11105 1 1
11106 1 1
11107 1 1
11108 1 1
11109 1 1
11110 1 1
11111 1 1
11112 1 1
11113 1 1
11114 1 1
11115 1 1
11116 1 1
11117 1 1
11118 1 1
11119 1 1
11120 1 1
11121 1 1
11122 1 1
11123 1 1
11124 1 1
11125 1 1
11126 1 1
11127 1 1
11128 1 1
11129 1 1
11130 1 1
11131 1 1
11250 1 1
11251 1 1
11252 1 1
11253 1 1
11254 1 1
11255 1 1
11256 1 1
11257 1 1
11258 1 1
11259 1 1
11260 1 1
11261 1 1
11262 1 1
11263 1 1
11264 1 1
11265 1 1
11266 1 1
11267 1 1
11268 1 1
11269 1 1
11270 1 1
11271 1 1
11272 1 1
11273 1 1
11274 1 1
11275 1 1
11276 1 1
11277 1 1
11278 1 1
11279 1 1
11280 1 1
11281 1 1
11282 1 1
11283 1 1
11284 1 1
11285 1 1
11286 1 1
11287 1 1
11288 1 1
11289 1 1
11290 1 1
11291 1 1
11292 1 1
11293 1 1
11294 1 1
11295 1 1
11296 1 1
11297 1 1
11298 1 1
11299 1 1
11300 1 1
11301 1 1
11302 1 1
11303 1 1
11304 1 1
11305 1 1
11306 1 1
11307 1 1
11308 1 1
11309 1 1
11310 1 1
11311 1 1
11312 1 1
11313 1 1
11314 1 1
11315 1 1
11316 1 1
11317 1 1
11318 1 1
11319 1 1
11320 1 1
11321 1 1
11322 1 1
11323 1 1
11324 1 1
11325 1 1
11326 1 1
11327 1 1
11328 1 1
11329 1 1
11330 1 1
11331 1 1
11332 1 1
11333 1 1
11334 1 1
11335 1 1
11336 1 1
11337 1 1
11338 1 1
11339 1 1
11340 1 1
11341 1 1
11342 1 1
11343 1 1
11344 1 1
11345 1 1
11346 1 1
11347 1 1
11348 1 1
11349 1 1
11350 1 1
11351 1 1
11352 1 1
11353 1 1
11354 1 1
11355 1 1
11356 1 1
11357 1 1
11358 1 1
11359 1 1
11360 1 1
11361 1 1
11362 1 1
11363 1 1
11364 1 1
11365 1 1
11366 1 1
11367 1 1
11368 1 1
11369 1 1
11370 1 1
11371 1 1
11372 1 1
11373 1 1
11374 1 1
11375 1 1
11376 1 1
11377 1 1
11378 1 1
11379 1 1
11380 1 1
11381 1 1
11382 1 1
11383 1 1
11384 1 1
11385 1 1
11386 1 1
11387 1 1
11388 1 1
11389 1 1
11390 1 1
11391 1 1
11392 1 1
11393 1 1
11394 1 1
11395 1 1
11396 1 1
11397 1 1
11398 1 1
11399 1 1
11400 1 1
11401 1 1
11402 1 1
11403 1 1
11404 1 1
11405 1 1
11406 1 1
11407 1 1
11408 1 1
11409 1 1
11410 1 1
11411 1 1
11412 1 1
11413 1 1
11414 1 1
11415 1 1
11416 1 1
11417 1 1
11418 1 1
11419 1 1
11420 1 1
11421 1 1
11422 1 1
11423 1 1
11424 1 1
11425 1 1
11426 1 1
11427 1 1
11428 1 1
11429 1 1
11430 1 1
11431 1 1
11432 1 1
11433 1 1
11434 1 1
11435 1 1
11436 1 1
11437 1 1
11438 1 1
11439 1 1
11440 1 1
11441 1 1
11442 1 1
11443 1 1
11444 1 1
11445 1 1
11446 1 1
11447 1 1
11448 1 1
11449 1 1
11450 1 1
11451 1 1
11452 1 1
11453 1 1
11454 1 1
11455 1 1
11456 1 1
11457 1 1
11458 1 1
11459 1 1
11460 1 1
11461 1 1
11462 1 1
11463 1 1
11464 1 1
11465 1 1
11466 1 1
11467 1 1
11468 1 1
11469 1 1
11470 1 1
11471 1 1
11472 1 1
11473 1 1
11474 1 1
11475 1 1
11476 1 1
11477 1 1
11478 1 1
11479 1 1
11480 1 1
11481 1 1
11482 1 1
11483 1 1
11484 1 1
11485 1 1
11486 1 1
11487 1 1
11488 1 1
11489 1 1
11490 1 1
11491 1 1
11492 1 1
11493 1 1
11494 1 1
11495 1 1
11496 1 1
11497 1 1
11498 1 1
11499 1 1
11500 1 1
11501 1 1
11502 1 1
11503 1 1
11504 1 1
11505 1 1
11506 1 1
11507 1 1
11508 1 1
11509 1 1
11510 1 1
11511 1 1
11512 1 1
11513 1 1
11514 1 1
11515 1 1
11516 1 1
11517 1 1
11518 1 1
11519 1 1
11520 1 1
11521 1 1
11522 1 1
11523 1 1
11524 1 1
11525 1 1
11526 1 1
11527 1 1
11528 1 1
11529 1 1
11530 1 1
11531 1 1
11532 1 1
11533 1 1
11534 1 1
11535 1 1
11536 1 1
11537 1 1
11538 1 1
11539 1 1
11540 1 1
11541 1 1
11542 1 1
11543 1 1
11544 1 1
11545 1 1
11546 1 1
11547 1 1
11548 1 1
11549 1 1
11550 1 1
11551 1 1
11552 1 1
11553 1 1
11554 1 1
11555 1 1
11556 1 1
11557 1 1
11558 1 1
11559 1 1
11560 1 1
11561 1 1
11562 1 1
11563 1 1
11564 1 1
11565 1 1
11566 1 1
11567 1 1
11568 1 1
11569 1 1
11570 1 1
11571 1 1
11572 1 1
11573 1 1
11574 1 1
11575 1 1
11576 1 1
11577 1 1
11578 1 1
11579 1 1
11580 1 1
11581 1 1
11582 1 1
11583 1 1
11584 1 1
11585 1 1
11586 1 1
11587 1 1
11588 1 1
11589 1 1
11590 1 1
11591 1 1
11592 1 1
11593 1 1
11594 1 1
11595 1 1
11596 1 1
11597 1 1
11598 1 1
11599 1 1
11600 1 1
11601 1 1
11602 1 1
11603 1 1
11604 1 1
11605 1 1
11606 1 1
11607 1 1
11608 1 1
11609 1 1
11610 1 1
11611 1 1
11612 1 1
11613 1 1
11614 1 1
11615 1 1
11616 1 1
11617 1 1
11618 1 1
11619 1 1
11620 1 1
11621 1 1
11622 1 1
11623 1 1
11624 1 1
11625 1 1
11626 1 1
11627 1 1
11628 1 1
11629 1 1
11630 1 1
11631 1 1
11632 1 1
11633 1 1
11634 1 1
11635 1 1
11636 1 1
11637 1 1
11638 1 1
11639 1 1
11640 1 1
11641 1 1
11642 1 1
11643 1 1
11644 1 1
11645 1 1
11646 1 1
11647 1 1
11648 1 1
11649 1 1
11650 1 1
11651 1 1
11652 1 1
11653 1 1
11654 1 1
11655 1 1
11656 1 1
11657 1 1
11658 1 1
11659 1 1
11660 1 1
11661 1 1
11662 1 1
11663 1 1
11664 1 1
11665 1 1
11666 1 1
11667 1 1
11668 1 1
11669 1 1
11670 1 1
11671 1 1
11672 1 1
11673 1 1
11674 1 1
11675 1 1
11676 1 1
11677 1 1
11678 1 1
11679 1 1
11680 1 1
11681 1 1
11682 1 1
11683 1 1
11684 1 1
11685 1 1
11686 1 1
11687 1 1
11688 1 1
11689 1 1
11690 1 1
11691 1 1
11692 1 1
11693 1 1
11694 1 1
11695 1 1
11696 1 1
11697 1 1
11698 1 1
11699 1 1
11700 1 1
11701 1 1
11702 1 1
11703 1 1
11704 1 1
11705 1 1
11706 1 1
11707 1 1
11708 1 1
11709 1 1
11710 1 1
11711 1 1
11712 1 1
11713 1 1
11714 1 1
11715 1 1
11716 1 1
11717 1 1
11718 1 1
11719 1 1
11720 1 1
11721 1 1
11722 1 1
11723 1 1
11724 1 1
11725 1 1
11726 1 1
11727 1 1
11728 1 1
